348, 310, 1258, 346, 1248, 593, 339, 556, 0.8319856524467468, 0, 0.9975022673606873
358, 563, 1216, 576, 1216, 646, 358, 633, 0.9585395455360413, 0, 1.0
132, 72, 426, 90, 423, 146, 129, 127, 0.8381947875022888, 0, 0.9998518228530884
111, 204, 151, 208, 130, 524, 91, 521, 0.9696417450904846, 0, 0.9992501139640808
254, 1973, 2038, 2013, 2028, 2386, 244, 2346, 0.8525068163871765, 0, 1.0
763, 536, 1076, 556, 955, 2523, 642, 2503, 0.8057244420051575, 0, 0.8887892365455627
1017, 1926, 1330, 1926, 1330, 2093, 1017, 2093, 0.6524739861488342, 0, 0.9490952491760254
1066, 2150, 1245, 2150, 1245, 2183, 1066, 2183, 0.21570095419883728, 0, 0.8773614168167114
586, 2596, 1027, 2583, 1030, 2736, 590, 2750, 0.8085994720458984, 0, 0.7615543603897095
688, 2750, 880, 2716, 906, 2870, 714, 2903, 0.24237774312496185, 0, 0.6794089674949646
1061, 101, 1663, 101, 1663, 272, 1061, 272, 0.9033228158950806, 0, 0.6674400568008423
1776, 95, 2438, 170, 2418, 350, 1756, 275, 0.9672595858573914, 0, 0.9937072396278381
123, 180, 951, 95, 971, 268, 143, 353, 0.9785627126693726, 1, 0.8329659700393677
83, 210, 2421, 295, 2344, 2441, 6, 2356, 0.0, 0, 0.6452362537384033
462, 2172, 1949, 2254, 1935, 2536, 449, 2454, 0.9902816414833069, 0, 0.9999990463256836
139, 2631, 1569, 3070, 1443, 3263, 13, 3063, 0.4217878580093384, 0, 0.9774777889251709
1606, 3083, 2251, 2781, 2354, 3008, 1709, 3263, 0.8028302788734436, 0, 0.9999990463256836
1323, 3172, 1347, 3172, 1347, 3185, 1323, 3185, 0.050298407673835754, 0, 0.635284423828125
1340, 3172, 1373, 3172, 1373, 3185, 1340, 3185, 0.0295083187520504, 1, 0.501396656036377
133, 889, 1767, 1053, 1731, 1426, 97, 1263, 0.9976797699928284, 0, 0.997272789478302
1601, 1060, 2399, 1086, 2390, 1440, 1591, 1413, 0.5426320433616638, 0, 0.8914936184883118
1653, 1170, 1666, 1170, 1666, 1226, 1653, 1226, 0.13968832790851593, 1, 0.7213510274887085
590, 1336, 1222, 1376, 1200, 1733, 567, 1693, 0.9952079653739929, 1, 0.5636755228042603
1222, 1549, 1558, 1569, 1548, 1726, 1213, 1706, 0.9989067316055298, 0, 0.9999998807907104
272, 84, 608, 78, 609, 173, 273, 178, 0.4741628170013428, 0, 0.7265112400054932
647, 1188, 804, 1190, 804, 1233, 647, 1230, 0.9986451268196106, 0, 0.9963579773902893
693, 1229, 761, 1229, 761, 1250, 693, 1250, 0.1847328543663025, 0, 0.8632078170776367
73, 242, 200, 242, 200, 359, 73, 359, 0.18981575965881348, 0, 0.8426166772842407
261, 238, 702, 238, 702, 340, 261, 340, 0.8068594336509705, 0, 0.9947800636291504
270, 348, 700, 344, 700, 372, 270, 376, 0.8146045804023743, 1, 0.5244494676589966
522, 637, 1514, 660, 1507, 1007, 515, 984, 0.8800551295280457, 0, 0.9996777772903442
502, 1055, 1512, 1055, 1512, 1257, 502, 1257, 0.9733372926712036, 0, 1.0
635, 1445, 1779, 1492, 1776, 1574, 631, 1526, 0.9611775875091553, 0, 0.9559065699577332
1470, 3195, 1490, 3195, 1490, 3209, 1470, 3209, 0.025673823431134224, 0, 0.7269620299339294
635, 946, 1216, 969, 1213, 1036, 632, 1013, 0.8605120778083801, 0, 0.9999876022338867
1193, 969, 1366, 969, 1366, 1040, 1193, 1040, 0.5999343991279602, 0, 0.8743166327476501
1451, 1120, 1532, 1123, 1519, 1536, 1438, 1533, 0.9929941296577454, 0, 1.0
17, 1320, 1128, 1353, 1122, 1573, 10, 1539, 0.9711052775382996, 0, 0.9982693195343018
1754, 1373, 2900, 1396, 2896, 1603, 1750, 1579, 0.9989833235740662, 0, 0.9999954700469971
40, 1596, 1101, 1609, 1101, 1769, 40, 1756, 0.9536413550376892, 0, 0.9999998807907104
1764, 1643, 2974, 1663, 2971, 1809, 1761, 1789, 0.9508591294288635, 0, 1.0
0, 2132, 234, 2132, 234, 2331, 0, 2331, 0.9501578211784363, 0, 0.6995962858200073
1337, 1349, 1559, 1360, 1523, 2138, 1300, 2128, 0.9630834460258484, 0, 0.9999977350234985
1084, 1570, 1250, 1574, 1243, 2108, 1077, 2104, 0.9995261430740356, 0, 0.9999257326126099
285, 1210, 2978, 1263, 2968, 1726, 275, 1673, 0.9616106152534485, 0, 1.0
756, 75, 1061, 81, 1058, 187, 753, 181, 0.8340060114860535, 0, 0.9999998807907104
672, 223, 1142, 223, 1142, 298, 672, 298, 0.9005681872367859, 0, 0.9999998807907104
772, 324, 1064, 324, 1064, 391, 772, 391, 0.9237754344940186, 0, 1.0
694, 405, 1134, 399, 1134, 474, 694, 480, 0.9414781332015991, 0, 1.0
775, 533, 977, 516, 982, 567, 781, 583, 0.9973562359809875, 0, 1.0
1008, 592, 1111, 592, 1111, 1472, 1008, 1472, 0.9326432943344116, 0, 0.9998419284820557
725, 634, 960, 642, 935, 1492, 700, 1483, 0.9213926196098328, 0, 0.7472994923591614
18, 11, 321, 9, 321, 48, 18, 50, 0.7101044654846191, 0, 0.9999896287918091
554, 11, 694, 11, 694, 52, 554, 52, 0.9519762396812439, 0, 0.9987360835075378
965, 16, 1157, 16, 1157, 48, 965, 48, 0.6231327652931213, 0, 0.9999995231628418
1166, 27, 1182, 27, 1182, 36, 1166, 36, 0.0852627232670784, 0, 0.6688253283500671
525, 82, 714, 82, 714, 131, 525, 131, 0.9871711134910583, 0, 1.0
41, 92, 184, 96, 182, 156, 38, 151, 0.8500526547431946, 0, 0.9999998807907104
525, 138, 712, 142, 712, 181, 525, 177, 0.9967784285545349, 0, 1.0
442, 575, 853, 577, 853, 625, 442, 623, 0.891069769859314, 0, 1.0
415, 644, 801, 644, 801, 683, 415, 683, 0.9584315419197083, 0, 1.0
442, 777, 821, 777, 821, 908, 442, 908, 0.9977186918258667, 0, 0.9871429800987244
372, 938, 869, 938, 869, 984, 372, 984, 0.9901726245880127, 0, 1.0
47, 1129, 614, 1129, 614, 1168, 47, 1168, 0.9766715168952942, 0, 1.0
212, 1239, 353, 1239, 353, 1290, 212, 1290, 0.9990959167480469, 0, 1.0
1047, 1237, 1200, 1237, 1200, 1294, 1047, 1294, 0.997263491153717, 0, 1.0
207, 1308, 324, 1313, 321, 1357, 205, 1352, 0.9096204042434692, 0, 1.0
207, 1451, 351, 1446, 353, 1497, 210, 1501, 0.9988153576850891, 0, 1.0
1050, 1451, 1198, 1451, 1198, 1501, 1050, 1501, 0.9535996317863464, 0, 1.0
207, 1522, 321, 1522, 321, 1564, 207, 1564, 0.9808231592178345, 0, 0.9999997615814209
207, 1660, 353, 1660, 353, 1711, 207, 1711, 0.9883192181587219, 0, 1.0
1052, 1660, 1198, 1660, 1198, 1711, 1052, 1711, 0.9983611106872559, 0, 1.0
207, 1731, 319, 1731, 319, 1773, 207, 1773, 0.9868927597999573, 0, 0.9999985694885254
979, 1731, 1196, 1731, 1196, 1773, 979, 1773, 0.8366937637329102, 0, 1.0
242, 1869, 390, 1869, 390, 1920, 242, 1920, 0.7344021201133728, 0, 0.8071950078010559
212, 1879, 244, 1879, 244, 1913, 212, 1913, 0.9957775473594666, 0, 0.9974296689033508
1052, 1872, 1198, 1872, 1198, 1922, 1052, 1922, 0.9987187385559082, 0, 1.0
212, 1941, 294, 1941, 294, 1987, 212, 1987, 0.9989758729934692, 0, 0.9999425411224365
436, 2127, 808, 2127, 808, 2166, 436, 2166, 0.9960470199584961, 0, 1.0
234, 86, 1180, 119, 1177, 260, 231, 226, 0.8796679377555847, 0, 1.0
244, 280, 1173, 296, 1170, 433, 241, 416, 0.9913961291313171, 0, 0.9999983310699463
286, 463, 971, 476, 971, 560, 286, 546, 0.7332339882850647, 0, 0.9999810457229614
1116, 418, 1858, 418, 1858, 550, 1116, 550, 0.9987871646881104, 0, 0.9999855756759644
680, 466, 1101, 443, 1106, 550, 685, 573, 0.9716805219650269, 0, 0.9194108247756958
805, 803, 1800, 800, 1800, 951, 805, 953, 0.9651190042495728, 0, 1.0
663, 1081, 1892, 1081, 1892, 1239, 663, 1239, 0.9342146515846252, 0, 1.0
634, 1445, 948, 1435, 951, 1496, 637, 1507, 0.913883626461029, 0, 1.0
627, 1530, 1915, 1535, 1915, 1596, 627, 1591, 0.9187566041946411, 0, 0.9973493814468384
624, 1606, 1915, 1619, 1915, 1672, 624, 1660, 0.8865705132484436, 0, 0.998932421207428
617, 1680, 1170, 1688, 1170, 1741, 617, 1734, 0.9627380967140198, 0, 0.9999738931655884
1300, 1690, 1920, 1700, 1920, 1751, 1300, 1741, 0.9109939336776733, 0, 1.0
601, 1807, 1295, 1813, 1295, 1871, 601, 1866, 0.9718124270439148, 0, 1.0
1397, 1823, 1938, 1838, 1938, 1892, 1397, 1876, 0.992150068283081, 0, 1.0
295, 2108, 1093, 2124, 1091, 2292, 293, 2277, 0.710024893283844, 0, 0.9303606748580933
1387, 2136, 2167, 2142, 2167, 2312, 1387, 2307, 0.6524996161460876, 1, 0.6850379705429077
1556, 309, 1802, 302, 1806, 401, 1559, 407, 0.9992036819458008, 0, 0.9999580383300781
675, 333, 941, 333, 941, 428, 675, 428, 0.9661077260971069, 0, 0.9994300007820129
156, 508, 2161, 455, 2167, 665, 162, 718, 0.9784107208251953, 0, 1.0
1327, 931, 1569, 928, 1586, 1927, 1343, 1931, 0.8394442796707153, 0, 0.999998927116394
1639, 931, 1895, 921, 1935, 1941, 1679, 1951, 0.8599250912666321, 0, 0.9999998807907104
1526, 1937, 1796, 1954, 1792, 2026, 1523, 2009, 0.9137415885925293, 0, 0.9897492527961731
1363, 2070, 1945, 2094, 1942, 2165, 1360, 2142, 0.9301538467407227, 0, 0.9999998807907104
1367, 2165, 1939, 2186, 1935, 2264, 1363, 2244, 0.9680216908454895, 0, 1.0
782, 255, 870, 262, 866, 311, 778, 305, 0.9700343608856201, 0, 0.967807412147522
492, 268, 740, 275, 740, 302, 492, 296, 0.8679107427597046, 0, 0.9953306913375854
924, 271, 1010, 271, 1010, 327, 924, 327, 0.1418820470571518, 1, 0.7852252721786499
990, 275, 1096, 275, 1096, 330, 990, 330, 0.9627342224121094, 0, 0.9631569981575012
284, 417, 630, 417, 630, 549, 284, 549, 0.9903410077095032, 0, 0.9999978542327881
705, 460, 1070, 460, 1070, 547, 705, 547, 0.9936707019805908, 0, 1.0
312, 560, 585, 554, 589, 692, 316, 699, 0.8458210229873657, 0, 0.9999228715896606
708, 560, 1072, 560, 1072, 641, 708, 641, 0.8411842584609985, 0, 0.9999954700469971
596, 750, 780, 746, 781, 803, 597, 807, 0.9374780058860779, 0, 1.0
614, 855, 773, 855, 773, 953, 614, 953, 0.9986763000488281, 0, 0.9999983310699463
3962, 709, 4203, 709, 4203, 966, 3962, 966, 0.10374298691749573, 1, 0.9290719032287598
600, 748, 3379, 735, 3379, 1136, 600, 1149, 0.9868302345275879, 0, 1.0
3826, 1014, 4203, 1014, 4203, 1253, 3826, 1253, 0.9969320893287659, 1, 0.6443691253662109
3896, 1288, 4203, 1288, 4203, 1449, 3896, 1449, 0.673916757106781, 0, 0.9262170791625977
701, 1310, 3475, 1292, 3475, 1410, 701, 1427, 0.9844645261764526, 0, 0.9999998807907104
3870, 1480, 4111, 1480, 4111, 1658, 3870, 1658, 0.7624764442443848, 1, 0.6407198309898376
1351, 1209, 1772, 1209, 1772, 1762, 1351, 1762, 0.9782161712646484, 0, 0.7017837166786194
119, 1385, 522, 1464, 491, 1608, 88, 1529, 0.18846920132637024, 1, 0.53387451171875
2025, 1617, 2730, 1494, 2774, 1744, 2069, 1867, 0.6225277781486511, 0, 0.9998006224632263
110, 1634, 314, 1665, 301, 1748, 97, 1718, 0.9751224517822266, 1, 0.9870837926864624
1462, 1709, 1759, 1709, 1759, 2336, 1462, 2336, 0.16557960212230682, 1, 0.5054177045822144
2069, 1963, 2747, 1919, 2752, 2007, 2074, 2051, 0.91521155834198, 1, 0.9999998807907104
1932, 2095, 2034, 2095, 2034, 2248, 1932, 2248, 0.1402379423379898, 0, 0.8348106145858765
1910, 2266, 2056, 2266, 2056, 2402, 1910, 2402, 0.2050277441740036, 1, 0.8907349705696106
2198, 2274, 2761, 2288, 2756, 2445, 2193, 2432, 0.6305417418479919, 0, 1.0
1927, 2393, 2038, 2393, 2038, 2441, 1927, 2441, 0.5154910087585449, 0, 0.8075816035270691
691, 2432, 766, 2428, 775, 2660, 700, 2665, 0.2064458429813385, 0, 0.7355054616928101
545, 2459, 593, 2459, 593, 2559, 545, 2559, 0.2273382991552353, 1, 0.6770885586738586
2113, 2450, 2765, 2480, 2761, 2568, 2109, 2537, 0.4878527820110321, 1, 0.9955191612243652
1373, 2875, 1848, 2875, 1848, 3388, 1373, 3388, 0.9696044325828552, 0, 0.9999876022338867
1290, 545, 1884, 612, 1866, 775, 1272, 708, 0.08604864776134491, 0, 0.9296475648880005
793, 1384, 1654, 1445, 1616, 1978, 754, 1917, 0.32877254486083984, 0, 0.8011279702186584
211, 1445, 826, 1410, 856, 1950, 242, 1986, 0.9994809627532959, 0, 0.9210614562034607
1532, 1456, 2009, 1433, 2034, 1966, 1558, 1989, 0.8747808337211609, 1, 0.6240673065185547
1507, 1647, 1514, 1647, 1514, 1662, 1507, 1662, 0.09759049862623215, 1, 0.5886911749839783
1496, 1700, 1507, 1700, 1507, 1800, 1496, 1800, 0.0, 0, 0.7427463531494141
1259, 2302, 2001, 2317, 1999, 2422, 1257, 2407, 0.20827919244766235, 1, 0.9256260991096497
105, 185, 474, 185, 474, 219, 105, 219, 0.9272556304931641, 0, 1.0
94, 237, 504, 237, 504, 271, 94, 271, 0.9866906404495239, 0, 1.0
93, 283, 505, 281, 505, 318, 93, 320, 0.9411424398422241, 0, 1.0
93, 330, 504, 329, 504, 364, 93, 365, 0.9585984945297241, 0, 1.0
94, 378, 463, 378, 463, 412, 94, 412, 0.873247504234314, 0, 1.0
93, 423, 507, 423, 507, 460, 93, 460, 0.9661377668380737, 0, 1.0
90, 472, 266, 474, 266, 513, 90, 511, 0.7817813158035278, 0, 1.0
171, 187, 665, 199, 661, 361, 167, 349, 0.9945635795593262, 0, 0.9821528792381287
165, 390, 652, 400, 651, 467, 164, 457, 0.8842472434043884, 0, 0.8533679842948914
346, 555, 490, 555, 490, 594, 346, 594, 0.8642159700393677, 0, 0.8031014800071716
1460, 466, 1539, 466, 1539, 863, 1460, 863, 0.9370303750038147, 0, 0.9999995231628418
1588, 466, 1689, 466, 1689, 1150, 1588, 1150, 0.9869677424430847, 0, 1.0
362, 928, 1979, 887, 1988, 1230, 372, 1271, 0.9628117084503174, 0, 0.9999476671218872
1343, 1285, 1995, 1275, 1995, 1353, 1343, 1363, 0.9556232690811157, 0, 0.8906710743904114
525, 1173, 1767, 1133, 1773, 1353, 531, 1393, 0.9934810996055603, 0, 1.0
1125, 1440, 1813, 1426, 1813, 1516, 1125, 1530, 0.8480536937713623, 0, 1.0
1852, 2019, 1956, 2019, 1956, 2110, 1852, 2110, 0.6697912812232971, 0, 0.8485367298126221
1353, 2036, 1747, 2036, 1747, 2093, 1353, 2093, 0.8448407649993896, 1, 0.9999185800552368
861, 455, 1523, 448, 1526, 778, 864, 785, 0.9985182285308838, 0, 1.0
861, 778, 1546, 778, 1546, 1135, 861, 1135, 0.9993730187416077, 0, 0.9999996423721313
688, 1183, 1719, 1169, 1722, 1445, 691, 1458, 0.996523380279541, 0, 0.9966462254524231
1943, 776, 2171, 786, 2116, 1926, 1888, 1916, 0.8753790259361267, 1, 0.5709858536720276
412, 970, 3423, 914, 3432, 1297, 420, 1353, 0.9993223547935486, 0, 1.0
394, 1453, 3467, 1392, 3467, 1540, 394, 1601, 0.960319995880127, 0, 1.0
3896, 2324, 3927, 2324, 3927, 2341, 3896, 2341, 0.039551105350255966, 0, 0.5208533406257629
15, 510, 631, 511, 631, 546, 15, 545, 0.9174900054931641, 0, 0.9999996423721313
11, 566, 598, 567, 598, 604, 11, 603, 0.7738645076751709, 0, 0.9999990463256836
220, 58, 232, 58, 232, 65, 220, 65, 0.04150403290987015, 0, 0.5833412408828735
247, 50, 428, 52, 428, 80, 247, 78, 0.9977148175239563, 0, 0.9999998807907104
320, 103, 346, 103, 346, 110, 320, 110, 0.28627413511276245, 1, 0.6564706563949585
228, 120, 401, 120, 401, 134, 228, 134, 0.6059622764587402, 0, 0.9976128339767456
498, 136, 633, 139, 633, 166, 498, 162, 0.8904699683189392, 0, 0.9999983310699463
240, 146, 331, 146, 331, 156, 240, 156, 0.3413884937763214, 0, 0.9404994249343872
20, 152, 92, 152, 92, 164, 20, 164, 0.9489893913269043, 0, 0.9999954700469971
334, 149, 346, 149, 346, 156, 334, 156, 0.10683919489383698, 0, 0.8992161154747009
226, 159, 404, 160, 404, 175, 226, 174, 0.7109599709510803, 0, 1.0
227, 175, 402, 176, 402, 191, 227, 190, 0.7400180101394653, 0, 1.0
502, 185, 546, 185, 546, 197, 502, 197, 0.628510057926178, 0, 0.8538355231285095
39, 550, 2220, 567, 2217, 919, 36, 902, 0.8904661536216736, 0, 0.9999970197677612
1397, 1112, 1579, 1117, 1579, 1153, 1397, 1148, 0.8436309695243835, 0, 1.0
857, 693, 1473, 680, 1477, 883, 860, 896, 0.9802031517028809, 0, 0.8849132657051086
961, 906, 1451, 923, 1447, 1040, 958, 1023, 0.884061336517334, 1, 0.5595430135726929
1079, 1036, 1350, 1063, 1340, 1173, 1069, 1146, 0.646187424659729, 0, 0.9810224175453186
565, 775, 2018, 758, 2022, 1013, 568, 1030, 0.9955604672431946, 0, 1.0
405, 785, 522, 778, 532, 968, 415, 975, 0.17736949026584625, 1, 0.5226061940193176
984, 1037, 1486, 1023, 1486, 1105, 984, 1118, 0.9653555750846863, 0, 1.0
309, 1176, 2135, 1128, 2135, 1220, 309, 1268, 0.9628036618232727, 0, 0.9999996423721313
302, 1319, 1623, 1281, 1626, 1373, 306, 1411, 0.9526675343513489, 0, 1.0
292, 1458, 1629, 1411, 1633, 1502, 296, 1550, 0.9796017408370972, 0, 1.0
851, 1638, 1849, 1611, 1849, 1693, 851, 1720, 0.9815851449966431, 0, 0.9999998807907104
3379, 343, 4076, 343, 4076, 666, 3379, 666, 0.9971206188201904, 0, 1.0
710, 426, 2305, 413, 2305, 670, 710, 683, 0.9953855276107788, 0, 1.0
399, 1421, 555, 1431, 552, 1478, 395, 1468, 0.9231658577919006, 0, 1.0
419, 1495, 542, 1495, 542, 1543, 419, 1543, 0.8795686364173889, 0, 1.0
462, 741, 2716, 695, 2723, 994, 469, 1041, 0.986605167388916, 0, 0.9953776597976685
8, 26, 353, 14, 357, 136, 12, 148, 0.8782879710197449, 0, 0.5505063533782959
48, 239, 338, 220, 340, 268, 51, 287, 0.8196791410446167, 0, 0.8304580450057983
137, 435, 518, 428, 519, 487, 138, 494, 0.9179124236106873, 0, 1.0
139, 511, 268, 508, 268, 525, 139, 528, 0.993086040019989, 0, 1.0
335, 509, 503, 507, 503, 521, 335, 523, 0.9525065422058105, 0, 1.0
102, 566, 116, 580, 102, 594, 88, 580, 0.3978097438812256, 0, 0.9666354060173035
143, 568, 441, 563, 441, 593, 143, 598, 0.9175398945808411, 0, 0.9999998807907104
254, 1773, 1167, 1773, 1167, 1923, 254, 1923, 0.9971607327461243, 0, 0.9999948740005493
1193, 1923, 1995, 1923, 1995, 2073, 1193, 2073, 0.9923180341720581, 0, 1.0
1604, 2320, 2122, 2310, 2122, 2356, 1604, 2366, 0.9835067391395569, 0, 1.0
2119, 2343, 2155, 2343, 2155, 2370, 2119, 2370, 0.27658894658088684, 1, 0.9040175080299377
1604, 2380, 2122, 2363, 2122, 2410, 1604, 2426, 0.9784672260284424, 0, 1.0
371, 816, 433, 816, 433, 839, 371, 839, 0.7488975524902344, 0, 0.8038967847824097
326, 1783, 1118, 1746, 1128, 1923, 335, 1959, 0.9940050840377808, 0, 0.9999880790710449
192, 1933, 205, 1933, 205, 1963, 192, 1963, 0.02071472816169262, 0, 0.768029510974884
274, 74, 645, 88, 628, 535, 258, 521, 0.98737633228302, 0, 0.7518607974052429
654, 203, 695, 203, 700, 585, 659, 585, 0.9171562194824219, 0, 0.9999994039535522
179, 220, 520, 220, 520, 324, 179, 324, 0.92350172996521, 0, 0.9963501691818237
476, 361, 720, 363, 720, 395, 476, 393, 0.9417963624000549, 0, 1.0
130, 2270, 2272, 2320, 2266, 2593, 123, 2543, 0.9397369623184204, 0, 0.9999996423721313
539, 265, 1057, 225, 1065, 313, 546, 353, 0.9193146824836731, 0, 0.9999816417694092
165, 7, 206, 7, 206, 32, 165, 32, 0.2947738766670227, 0, 0.5589979887008667
113, 320, 273, 318, 273, 355, 113, 356, 0.9906705617904663, 0, 1.0
57, 360, 329, 360, 329, 391, 57, 391, 0.9706146121025085, 0, 1.0
293, 1230, 675, 1216, 678, 1283, 296, 1296, 0.9725096225738525, 0, 0.9999215602874756
348, 1676, 831, 1666, 831, 1736, 348, 1746, 0.9942807555198669, 0, 1.0
267, 1806, 909, 1789, 909, 1856, 267, 1873, 0.9264400005340576, 0, 1.0
538, 1906, 560, 1906, 560, 1923, 538, 1923, 0.03222358226776123, 0, 0.6413708925247192
1571, 903, 2194, 903, 2194, 1019, 1571, 1019, 0.8814849853515625, 0, 0.9999998807907104
1571, 1030, 1963, 1036, 1963, 1103, 1571, 1096, 0.846832811832428, 0, 0.999595582485199
1568, 1110, 1796, 1110, 1796, 1170, 1568, 1170, 0.3895346522331238, 0, 0.9517517685890198
32, 2510, 2315, 2510, 2315, 3046, 32, 3046, 0.9424839019775391, 0, 1.0
381, 550, 1415, 606, 1405, 779, 371, 723, 0.9039632081985474, 0, 0.9841152429580688
1431, 673, 1992, 696, 1989, 786, 1428, 763, 0.9259318709373474, 0, 1.0
1403, 27, 1696, 20, 1696, 81, 1403, 88, 0.7439139485359192, 0, 0.6670445799827576
1559, 88, 1686, 88, 1686, 125, 1559, 125, 0.6086747050285339, 0, 0.9999996423721313
691, 251, 1493, 203, 1503, 404, 701, 452, 0.9997402429580688, 0, 0.926592230796814
718, 503, 1500, 448, 1513, 639, 731, 693, 0.9930654168128967, 0, 1.0
1551, 814, 2004, 814, 2004, 943, 1551, 943, 0.7944555878639221, 0, 0.9999992847442627
1572, 1077, 1980, 1089, 1976, 1191, 1568, 1178, 0.6645368337631226, 0, 0.998130738735199
914, 1580, 1566, 1591, 1566, 1686, 914, 1676, 0.9546405673027039, 0, 1.0
1988, 1703, 2052, 1703, 2052, 1727, 1988, 1727, 0.8881679773330688, 0, 0.9999995231628418
2115, 1886, 2285, 1900, 2281, 1951, 2112, 1937, 0.8919759392738342, 0, 0.9999995231628418
1297, 1636, 3177, 1593, 3186, 1967, 1306, 2011, 0.9685338735580444, 0, 0.9146804213523865
1271, 291, 3353, 121, 3410, 822, 1328, 992, 0.9013330936431885, 0, 0.9995864033699036
376, 635, 1008, 648, 1008, 770, 376, 757, 0.9990519881248474, 0, 1.0
635, 787, 762, 787, 762, 835, 635, 835, 0.8982306718826294, 0, 0.9999991655349731
276, 827, 1113, 853, 1113, 944, 276, 918, 0.944536030292511, 0, 0.9569516777992249
2836, 975, 3800, 2058, 3116, 2367, 2156, 1571, 0.08256786316633224, 1, 0.5066614151000977
2993, 1366, 3112, 1366, 3112, 1558, 2993, 1558, 0.5123977661132812, 0, 0.9886767864227295
2954, 1406, 3028, 1406, 3028, 1488, 2954, 1488, 0.055026352405548096, 1, 0.7709069848060608
2993, 1475, 3015, 1475, 3015, 1488, 2993, 1488, 0.11538250744342804, 0, 0.7485327124595642
3660, 1506, 3809, 1506, 3809, 1645, 3660, 1645, 0.9897259473800659, 0, 0.8838772773742676
3664, 1697, 3765, 1697, 3765, 1797, 3664, 1797, 0.9948905110359192, 0, 0.5326551198959351
2445, 1749, 2498, 1802, 2450, 1845, 2397, 1793, 0.1391061395406723, 0, 0.5919912457466125
2897, 2041, 2945, 2041, 2945, 2159, 2897, 2159, 0.8811764717102051, 1, 0.9607288837432861
3625, 2124, 3778, 2124, 3778, 2276, 3625, 2276, 0.988783061504364, 0, 0.9728237986564636
188, 2246, 420, 2246, 420, 2363, 188, 2363, 0.1293952465057373, 0, 0.7567108869552612
1315, 996, 2261, 962, 2274, 1292, 1328, 1327, 0.99567711353302, 0, 0.9999996423721313
189, 333, 2378, 353, 2368, 1275, 179, 1254, 0.9944314956665039, 0, 0.9999731779098511
19, 636, 1154, 769, 1128, 1009, 0, 876, 0.9922538995742798, 0, 0.9999626874923706
71, 1306, 394, 1306, 394, 1656, 71, 1656, 0.9842218160629272, 0, 0.6213027834892273
401, 1473, 436, 1493, 410, 1543, 375, 1526, 0.08409127593040466, 1, 0.5839276909828186
1124, 758, 1396, 771, 1386, 1013, 1114, 999, 0.9958425760269165, 0, 0.9998780488967896
951, 1088, 1530, 1088, 1530, 1241, 951, 1241, 0.9199363589286804, 0, 1.0
1080, 1944, 1320, 1924, 1337, 2125, 1097, 2145, 0.9927852153778076, 0, 0.9962772727012634
558, 2240, 1809, 2162, 1816, 2274, 565, 2352, 0.9765246510505676, 0, 1.0
460, 18, 553, 11, 556, 45, 462, 52, 0.8941977024078369, 0, 0.977992594242096
1196, 14, 1266, 14, 1266, 114, 1196, 114, 0.809429943561554, 0, 0.9889870285987854
33, 48, 974, 9, 985, 256, 44, 296, 0.8741001486778259, 0, 0.9999998807907104
310, 824, 1520, 768, 1528, 913, 319, 969, 0.9894475340843201, 0, 0.9552903175354004
308, 1106, 1394, 1028, 1405, 1201, 319, 1279, 0.9048454761505127, 0, 1.0
279, 701, 1772, 692, 1772, 1003, 279, 1012, 0.83514404296875, 0, 1.0
279, 1065, 1679, 1043, 1679, 1122, 279, 1144, 0.9959895610809326, 0, 0.9999995231628418
2043, 1902, 2601, 1889, 2605, 2042, 2047, 2055, 0.9947414398193359, 0, 1.0
2082, 2073, 2348, 2073, 2348, 2121, 2082, 2121, 0.9815171360969543, 0, 1.0
731, 3256, 983, 3256, 983, 3392, 731, 3392, 0.8888939619064331, 0, 1.0
771, 3427, 873, 3427, 873, 3458, 771, 3458, 0.6675447821617126, 0, 0.9999992847442627
886, 3427, 952, 3427, 952, 3462, 886, 3462, 0.1629868745803833, 0, 0.8243716955184937
665, 2200, 1451, 2160, 1460, 2336, 675, 2376, 0.7619234323501587, 0, 0.9999996423721313
1552, 2236, 2145, 2210, 2148, 2303, 1555, 2330, 0.8474886417388916, 0, 1.0
34, 41, 258, 56, 255, 106, 31, 92, 0.8841640949249268, 0, 0.9999998807907104
30, 106, 248, 124, 245, 151, 27, 133, 0.9525839686393738, 0, 1.0
194, 202, 266, 210, 263, 234, 191, 227, 0.8804322481155396, 0, 0.8860260844230652
198, 229, 266, 235, 263, 260, 195, 253, 0.9803754091262817, 0, 0.9999865293502808
332, 1383, 774, 1373, 774, 1458, 332, 1468, 0.4919278025627136, 0, 0.9974689483642578
445, 1495, 465, 1495, 465, 1509, 445, 1509, 0.055040184408426285, 1, 0.5749536156654358
931, 751, 1832, 720, 1842, 985, 941, 1016, 0.941638708114624, 0, 1.0
1307, 1043, 1812, 1043, 1812, 1329, 1307, 1329, 0.9832021594047546, 0, 0.9999852180480957
944, 1067, 1337, 1067, 1337, 1309, 944, 1309, 0.9993096590042114, 0, 0.9999996423721313
723, 2606, 772, 2620, 763, 2670, 710, 2656, 0.32714685797691345, 0, 0.9671239852905273
1317, 2673, 1907, 2683, 1907, 2790, 1317, 2780, 0.88057941198349, 0, 0.9999997615814209
1320, 2800, 1636, 2800, 1636, 2910, 1320, 2910, 0.9976363778114319, 0, 0.670080840587616
409, 16, 722, 16, 722, 150, 409, 150, 0.9519462585449219, 0, 0.9396345615386963
51, 315, 230, 313, 231, 376, 52, 378, 0.2349747270345688, 0, 0.6764832139015198
204, 322, 907, 326, 907, 391, 204, 387, 0.9548846483230591, 0, 0.9999954700469971
156, 101, 246, 97, 251, 211, 161, 215, 0.9709432125091553, 0, 0.9852764010429382
111, 436, 418, 434, 418, 481, 111, 483, 0.8242732882499695, 0, 0.999273955821991
265, 493, 294, 493, 294, 503, 265, 503, 0.0636199489235878, 0, 0.6924278140068054
1125, 561, 1719, 614, 1702, 801, 1108, 748, 0.9989238977432251, 0, 1.0
358, 1134, 523, 1140, 520, 1201, 355, 1195, 0.9245955944061279, 0, 0.9999983310699463
445, 1218, 473, 1218, 473, 1229, 445, 1229, 0.23526011407375336, 1, 0.610441267490387
0, 288, 150, 288, 150, 354, 0, 354, 0.7606198787689209, 0, 0.7984445691108704
0, 357, 137, 357, 137, 433, 0, 433, 0.9675055146217346, 0, 0.9788628816604614
372, 1277, 1499, 1333, 1491, 1456, 364, 1399, 0.9339953064918518, 0, 1.0
293, 1616, 2194, 1603, 2194, 1783, 293, 1796, 0.9908048510551453, 0, 1.0
531, 2213, 1294, 2196, 1297, 2423, 534, 2440, 0.9913833141326904, 0, 0.9980260729789734
684, 2563, 1532, 2563, 1532, 2836, 684, 2836, 0.994247317314148, 0, 0.9990980625152588
880, 2936, 1738, 2936, 1738, 3183, 880, 3183, 0.9471461772918701, 0, 0.9943122863769531
326, 166, 479, 166, 479, 1413, 326, 1413, 0.771386444568634, 1, 0.7640784978866577
1020, 499, 2011, 560, 1985, 1033, 994, 973, 0.580801784992218, 0, 0.8723251223564148
394, 1929, 538, 1929, 538, 3036, 394, 3036, 0.9018587470054626, 1, 0.5483940243721008
472, 1989, 485, 1989, 485, 2016, 472, 2016, 0.035535603761672974, 0, 0.6049983501434326
1138, 2350, 1878, 2403, 1855, 2723, 1115, 2670, 0.3924793601036072, 1, 0.7036014199256897
1243, 513, 1413, 516, 1390, 1958, 1220, 1954, 0.9547308683395386, 0, 0.9998138546943665
1842, 693, 2022, 693, 2022, 1999, 1842, 1999, 0.988922655582428, 0, 1.0
1543, 707, 1706, 707, 1696, 1961, 1533, 1961, 0.9763322472572327, 0, 1.0
1687, 673, 3326, 598, 3344, 1050, 1705, 1125, 0.9875422716140747, 0, 0.9946843981742859
1661, 1196, 3375, 1112, 3388, 1325, 1674, 1409, 0.9400626420974731, 0, 0.9998613595962524
1679, 1125, 1975, 1125, 1975, 1210, 1679, 1210, 0.8965632319450378, 0, 0.9995959401130676
1732, 1227, 1909, 1227, 1909, 1264, 1732, 1264, 0.4073432385921478, 0, 0.6014977693557739
375, 1295, 1692, 1305, 1689, 1625, 372, 1614, 0.9894979596138, 0, 1.0
778, 1665, 1682, 1682, 1679, 1856, 774, 1839, 0.9593927264213562, 0, 1.0
355, 1679, 755, 1686, 755, 1778, 355, 1771, 0.9477041959762573, 0, 1.0
861, 1982, 1922, 2009, 1922, 2091, 861, 2063, 0.9356905817985535, 0, 0.9990319013595581
1134, 1480, 1464, 1450, 1470, 1530, 1141, 1559, 0.8469624519348145, 0, 1.0
1239, 3073, 1278, 3073, 1278, 3096, 1239, 3096, 0.1054161787033081, 0, 0.9867226481437683
286, 1766, 2119, 1663, 2139, 2033, 306, 2136, 0.8457786440849304, 0, 0.9996755123138428
1597, 2176, 1751, 2163, 1751, 2186, 1597, 2200, 0.11619039624929428, 0, 0.8850781917572021
1767, 2173, 1786, 2173, 1786, 2183, 1767, 2183, 0.22708310186862946, 0, 0.5173869729042053
961, 2190, 1310, 2173, 1310, 2210, 961, 2226, 0.5784310698509216, 0, 0.5796880722045898
103, 1455, 2052, 1414, 2055, 1591, 106, 1631, 0.980830192565918, 0, 0.9973689317703247
49, 1723, 2115, 1665, 2118, 1812, 53, 1869, 0.9560269713401794, 0, 0.9999445676803589
748, 1019, 2460, 980, 2473, 1470, 761, 1509, 0.9920177459716797, 0, 0.9995812773704529
803, 1638, 2519, 1621, 2519, 1737, 803, 1754, 0.9835300445556641, 0, 0.9999995231628418
816, 1797, 2507, 1780, 2507, 1883, 816, 1900, 0.9250792860984802, 0, 0.9998996257781982
824, 1939, 2498, 1922, 2498, 2038, 824, 2055, 0.8297930359840393, 0, 1.0
824, 2076, 2502, 2046, 2502, 2175, 824, 2205, 0.9580898880958557, 0, 1.0
786, 2670, 1998, 2648, 1998, 2764, 786, 2786, 0.9705551266670227, 0, 1.0
2481, 2721, 2532, 2773, 2486, 2816, 2439, 2769, 0.6845095753669739, 1, 0.5160529613494873
790, 2816, 2473, 2790, 2473, 2893, 790, 2919, 0.9280051589012146, 0, 1.0
790, 2941, 1829, 2924, 1829, 3040, 790, 3057, 0.8841724991798401, 0, 1.0
1169, 3040, 1224, 3040, 1224, 3074, 1169, 3074, 0.1971287876367569, 0, 0.5969955921173096
1055, 3074, 1207, 3091, 1198, 3147, 1051, 3134, 0.1792803704738617, 1, 0.5405320525169373
349, 3354, 996, 3345, 1001, 3594, 353, 3603, 0.423449844121933, 1, 0.9490014314651489
236, 33, 612, 33, 612, 70, 236, 70, 0.9830498695373535, 0, 1.0
152, 103, 193, 103, 195, 362, 154, 362, 0.9842669367790222, 0, 1.0
390, 169, 404, 169, 404, 181, 390, 181, 0.09886296093463898, 0, 0.5709792375564575
440, 166, 457, 175, 450, 189, 433, 180, 0.15198519825935364, 0, 0.7354421615600586
388, 186, 401, 185, 402, 197, 389, 199, 0.6523433923721313, 0, 0.6897318363189697
407, 215, 444, 215, 444, 268, 407, 268, 0.33445557951927185, 0, 0.5780608654022217
170, 358, 179, 358, 179, 369, 170, 369, 0.302370548248291, 0, 0.6941485404968262
135, 591, 538, 591, 538, 631, 135, 631, 0.955568253993988, 0, 1.0
1762, 700, 2432, 692, 2437, 892, 1766, 901, 0.9969329833984375, 0, 0.9999996423721313
964, 792, 1358, 792, 1358, 853, 964, 853, 0.7725761532783508, 0, 0.9999855756759644
876, 809, 955, 809, 955, 861, 876, 861, 0.14260530471801758, 0, 0.857244074344635
1836, 909, 2310, 914, 2310, 975, 1836, 970, 0.9817069172859192, 0, 0.9999995231628418
5, 144, 107, 144, 107, 177, 5, 177, 0.99223792552948, 0, 1.0
795, 646, 2038, 666, 2034, 896, 792, 876, 0.9943493604660034, 0, 1.0
913, 1253, 1806, 1283, 1803, 1373, 909, 1343, 0.3169548809528351, 1, 0.5546412467956543
414, 1506, 613, 1506, 613, 1566, 414, 1566, 0.9991745352745056, 0, 0.9999263286590576
2042, 1176, 2115, 1176, 2115, 1383, 2042, 1383, 0.6774880886077881, 1, 0.5093470811843872
1040, 1250, 2125, 1260, 2125, 1466, 1040, 1456, 0.9874520897865295, 0, 1.0
1672, 1486, 2152, 1503, 2148, 1629, 1669, 1613, 0.7078215479850769, 0, 0.9999855756759644
2441, 1732, 2713, 1709, 2774, 2401, 2502, 2424, 0.9943346977233887, 0, 0.9959600567817688
378, 61, 429, 60, 435, 400, 384, 401, 0.837822437286377, 0, 1.0
35, 705, 227, 722, 201, 1009, 8, 992, 0.03968222439289093, 0, 0.6825677156448364
1148, 709, 2660, 679, 2665, 922, 1152, 953, 0.9914437532424927, 0, 0.998819887638092
705, 1049, 3015, 1014, 3020, 1236, 710, 1271, 0.9784417748451233, 0, 0.9999997615814209
613, 1353, 3112, 1318, 3112, 1466, 613, 1501, 0.8882455825805664, 0, 0.9999426603317261
569, 1584, 3169, 1545, 3169, 1723, 569, 1762, 0.830312967300415, 0, 1.0
991, 941, 1596, 863, 1616, 1019, 1011, 1098, 0.9980206489562988, 0, 1.0
1756, 1060, 2241, 1030, 2248, 1156, 1762, 1186, 0.9960830211639404, 0, 1.0
1762, 1186, 2231, 1166, 2235, 1224, 1766, 1244, 0.9222220778465271, 0, 0.9999508857727051
1174, 1200, 1589, 1159, 1606, 1322, 1190, 1363, 0.9979034066200256, 0, 0.9998784065246582
1829, 1295, 2028, 1305, 2018, 1448, 1819, 1438, 0.2637946307659149, 0, 0.7376646995544434
1127, 1428, 1626, 1383, 1639, 1536, 1140, 1580, 0.9929879903793335, 0, 1.0
1819, 1495, 2161, 1485, 2165, 1580, 1822, 1591, 0.9679471850395203, 0, 1.0
1170, 1631, 1599, 1604, 1609, 1764, 1180, 1791, 0.9917516708374023, 0, 0.9999748468399048
1147, 1815, 1633, 1784, 1643, 1944, 1157, 1975, 0.996760904788971, 0, 1.0
160, 120, 221, 124, 187, 662, 127, 658, 0.9913519024848938, 1, 1.0
452, 180, 497, 183, 474, 635, 430, 632, 0.9882267713546753, 1, 1.0
296, 228, 374, 234, 352, 570, 274, 564, 0.8986944556236267, 1, 1.0
101, 1170, 632, 1180, 632, 1273, 101, 1263, 0.7876286506652832, 0, 0.9999697208404541
688, 676, 1190, 700, 1121, 2293, 619, 2270, 0.8540216684341431, 0, 0.9984032511711121
1040, 2333, 1252, 2343, 1226, 2906, 1014, 2896, 0.9993770718574524, 0, 0.9999997615814209
522, 1394, 1426, 1411, 1426, 1478, 522, 1462, 0.9915704727172852, 0, 1.0
555, 1492, 678, 1492, 678, 1557, 555, 1557, 0.9998613595962524, 0, 0.6648549437522888
1363, 1516, 1396, 1516, 1396, 1546, 1363, 1546, 0.10655251145362854, 1, 0.8039065599441528
562, 1563, 671, 1563, 671, 1601, 562, 1601, 0.9407787919044495, 0, 0.8798222541809082
1317, 1577, 1390, 1577, 1390, 1604, 1317, 1604, 0.9644924402236938, 0, 0.9985961318016052
462, 367, 1842, 384, 1839, 581, 458, 564, 0.9958257675170898, 0, 0.999756395816803
435, 1088, 1569, 1108, 1566, 1298, 432, 1278, 0.9676324725151062, 0, 0.9980073571205139
452, 1798, 1390, 1798, 1390, 1975, 452, 1975, 0.7801538705825806, 0, 0.9103973507881165
435, 2519, 1556, 2502, 1559, 2692, 439, 2709, 0.9915444254875183, 0, 0.998257577419281
342, 546, 952, 523, 955, 590, 345, 613, 0.9970344305038452, 0, 1.0
52, 923, 671, 906, 675, 996, 55, 1013, 0.8372606635093689, 0, 1.0
802, 926, 978, 919, 981, 979, 805, 986, 0.9977264404296875, 0, 0.978453516960144
1010, 929, 1046, 929, 1046, 959, 1010, 959, 0.16877953708171844, 1, 0.8382056355476379
178, 670, 476, 670, 476, 716, 178, 716, 0.9928674101829529, 0, 0.999992847442627
178, 732, 481, 732, 481, 777, 178, 777, 0.98209547996521, 0, 0.9972190856933594
581, 1080, 616, 1080, 616, 1113, 581, 1113, 0.3886065185070038, 0, 0.5218892097473145
1425, 140, 1777, 156, 1773, 226, 1421, 209, 0.8882442116737366, 0, 0.7472220659255981
1082, 1326, 1385, 1336, 1382, 1416, 1079, 1406, 0.9964489340782166, 0, 0.999991774559021
1138, 1436, 1444, 1450, 1441, 1530, 1134, 1516, 0.9119510054588318, 0, 1.0
30, 137, 171, 137, 171, 161, 30, 161, 0.994225800037384, 0, 1.0
28, 165, 172, 165, 172, 193, 28, 193, 0.9981542229652405, 0, 1.0
577, 576, 939, 590, 909, 1450, 547, 1436, 0.9220300912857056, 0, 0.9011496901512146
139, 5, 402, 7, 401, 124, 138, 122, 0.9948755502700806, 0, 0.993108868598938
125, 184, 419, 184, 419, 275, 125, 275, 0.9982481002807617, 0, 1.0
47, 324, 547, 324, 547, 408, 47, 408, 0.9947076439857483, 0, 1.0
8, 458, 601, 460, 601, 540, 8, 538, 0.9690276980400085, 0, 1.0
1317, 1759, 1963, 1736, 1966, 1863, 1320, 1886, 0.9718162417411804, 0, 0.9923018217086792
1222, 1806, 1294, 1846, 1245, 1936, 1173, 1896, 0.25372716784477234, 0, 0.6870598793029785
1333, 1869, 1878, 1843, 1881, 1909, 1336, 1936, 0.9059383273124695, 1, 0.8282225131988525
1046, 1516, 2440, 1464, 2450, 1676, 1056, 1728, 0.9629342555999756, 0, 1.0
1016, 1744, 2500, 1692, 2510, 1904, 1026, 1956, 0.9815468788146973, 0, 0.9999994039535522
1036, 1323, 1304, 1333, 1304, 1390, 1036, 1380, 0.9950594902038574, 0, 1.0
1108, 1396, 1222, 1403, 1219, 1453, 1105, 1446, 0.9989438056945801, 0, 0.9832947254180908
1513, 0, 2221, 0, 2221, 149, 1513, 142, 0.7853885889053345, 0, 0.9635757207870483
1107, 50, 1460, 95, 1453, 153, 1100, 108, 0.9020518660545349, 0, 1.0
1473, 91, 2052, 163, 2042, 231, 1463, 159, 0.9702532887458801, 0, 0.9999938011169434
1027, 707, 1609, 747, 1599, 863, 1017, 822, 0.9082633256912231, 0, 0.9669048190116882
502, 724, 721, 737, 718, 809, 498, 795, 0.5851753950119019, 1, 0.9983962178230286
1051, 829, 1563, 870, 1556, 962, 1044, 921, 0.9385238885879517, 0, 1.0
555, 890, 701, 890, 701, 938, 555, 938, 0.7829639315605164, 1, 0.9081329107284546
1576, 2189, 1749, 2189, 1749, 2223, 1576, 2223, 0.824481189250946, 0, 0.9811721444129944
1615, 1165, 2544, 1152, 2549, 1358, 1619, 1371, 0.7655173540115356, 0, 0.9960501790046692
1627, 1513, 2595, 1474, 2599, 1621, 1632, 1659, 0.7895135283470154, 0, 0.9551771283149719
1518, 1827, 2448, 1685, 2477, 1896, 1548, 2038, 0.8234145045280457, 0, 0.9922448992729187
88, 2309, 1161, 2227, 1177, 2438, 105, 2519, 0.8266379833221436, 0, 0.9961423277854919
210, 583, 2687, 533, 2687, 807, 215, 857, 0.9229850769042969, 0, 0.999840259552002
2528, 832, 2651, 818, 2668, 963, 2545, 977, 0.9996643662452698, 0, 0.8204620480537415
198, 888, 1677, 866, 1680, 1047, 201, 1070, 0.8654301762580872, 0, 1.0
1713, 902, 2324, 891, 2326, 997, 1716, 1008, 0.9560322761535645, 0, 1.0
2606, 980, 2679, 980, 2679, 1036, 2606, 1036, 0.9995269179344177, 0, 0.9939287900924683
2427, 1117, 2556, 1117, 2556, 1159, 2427, 1159, 0.7044613361358643, 0, 0.9886427521705627
53, 237, 943, 239, 943, 339, 53, 337, 0.9739217758178711, 0, 1.0
8, 348, 310, 350, 310, 403, 8, 401, 0.9818600416183472, 0, 0.9999988079071045
497, 350, 677, 350, 677, 402, 497, 402, 0.9948056936264038, 0, 1.0
832, 346, 999, 346, 999, 401, 832, 401, 0.9980144500732422, 0, 0.999990701675415
473, 572, 516, 572, 516, 592, 473, 592, 0.9937558174133301, 0, 0.9953128099441528
1940, 380, 2129, 380, 2129, 1753, 1940, 1753, 0.47419473528862, 0, 0.6603439450263977
924, 1101, 1712, 1054, 1722, 1220, 934, 1268, 0.8379362225532532, 0, 1.0
189, 223, 595, 241, 591, 326, 185, 308, 0.9229274988174438, 0, 1.0
594, 358, 606, 370, 595, 380, 584, 369, 0.06973773241043091, 0, 0.6575806140899658
35, 29, 456, 32, 456, 83, 35, 80, 0.7593358755111694, 0, 1.0
104, 94, 256, 94, 256, 152, 104, 152, 0.9514439105987549, 0, 0.9555457234382629
991, 752, 1244, 742, 1246, 793, 994, 803, 0.9968658685684204, 0, 1.0
933, 826, 1295, 810, 1297, 861, 935, 877, 0.9475387930870056, 0, 1.0
943, 895, 1292, 877, 1295, 920, 946, 938, 0.9081628918647766, 0, 1.0
29, 1516, 2404, 1533, 2404, 1784, 29, 1767, 0.8862658143043518, 0, 0.9999982118606567
73, 1920, 2354, 1954, 2351, 2172, 69, 2138, 0.9825213551521301, 0, 1.0
2536, 763, 2753, 743, 2816, 1490, 2600, 1509, 0.9251744747161865, 0, 0.7299160361289978
2341, 1093, 2393, 1146, 2344, 1200, 2289, 1143, 0.1787293255329132, 0, 0.8029547333717346
1796, 1220, 2116, 1233, 2113, 1290, 1793, 1276, 0.9554226994514465, 0, 1.0
1575, 1236, 1607, 1236, 1607, 1250, 1575, 1250, 0.0, 1, 0.6570466160774231
1284, 1290, 1294, 1290, 1294, 1306, 1284, 1306, 0.0771065354347229, 1, 0.5851635932922363
1138, 1300, 1307, 1300, 1307, 1643, 1138, 1643, 0.22485047578811646, 1, 0.7051378488540649
1865, 1549, 1943, 1549, 1943, 1613, 1865, 1613, 0.2567731440067291, 0, 0.7115102410316467
184, 120, 347, 118, 347, 155, 184, 157, 0.8767222762107849, 0, 1.0
333, 54, 411, 56, 410, 93, 332, 91, 0.8113194704055786, 0, 0.9999339580535889
229, 244, 238, 244, 238, 279, 229, 279, 0.12158166617155075, 1, 0.7142776846885681
224, 289, 244, 289, 246, 399, 226, 399, 0.16975244879722595, 1, 0.9822266101837158
231, 419, 238, 419, 238, 437, 231, 437, 0.1232563927769661, 0, 0.8609856367111206
144, 514, 215, 510, 216, 533, 145, 537, 0.7887841463088989, 0, 0.9999250173568726
1626, 1157, 2480, 1149, 2485, 1558, 1630, 1567, 0.9974197149276733, 0, 1.0
177, 44, 496, 46, 496, 114, 177, 112, 0.9754824638366699, 0, 0.9995852112770081
5, 210, 249, 210, 249, 231, 5, 231, 0.9915990233421326, 0, 1.0
8, 6, 45, 6, 45, 50, 8, 50, 0.9998906254768372, 0, 0.9647389650344849
8, 65, 30, 62, 35, 104, 13, 107, 0.31350183486938477, 1, 0.8223997950553894
11, 147, 48, 147, 48, 185, 11, 185, 0.988771915435791, 0, 0.9981951117515564
117, 1120, 798, 1086, 847, 2120, 163, 2150, 0.27777910232543945, 1, 0.8523856997489929
133, 2173, 1366, 2586, 1213, 3060, 0, 2646, 0.6502496600151062, 0, 0.991204559803009
9, 1207, 1280, 1227, 1277, 1387, 6, 1366, 0.9588693380355835, 0, 0.9999998807907104
286, 1431, 984, 1445, 981, 1597, 282, 1584, 0.996246337890625, 0, 1.0
1054, 1050, 1094, 1050, 1094, 1105, 1054, 1105, 0.16809162497520447, 0, 0.8590437173843384
1017, 1145, 1117, 1149, 1090, 1880, 991, 1876, 0.9968777298927307, 0, 1.0
1027, 1900, 1061, 1900, 1061, 1927, 1027, 1927, 0.9013373851776123, 0, 0.6533212661743164
70, 539, 316, 522, 324, 623, 78, 639, 0.9447026252746582, 0, 0.8582150340080261
184, 645, 2086, 553, 2097, 810, 196, 902, 0.9747995138168335, 0, 1.0
1554, 874, 2324, 832, 2332, 975, 1562, 1017, 0.8918800354003906, 0, 1.0
1100, 1307, 1220, 1310, 1212, 1503, 1094, 1497, 0.9942142367362976, 0, 0.9959335923194885
263, 285, 335, 285, 335, 351, 263, 351, 0.1546684205532074, 0, 0.8571017384529114
332, 286, 773, 279, 775, 333, 333, 339, 0.8248657584190369, 0, 1.0
330, 304, 343, 304, 343, 322, 330, 322, 0.058174017816782, 1, 0.5728500485420227
545, 1827, 1170, 1827, 1170, 2029, 545, 2029, 0.8723598718643188, 0, 0.5837430357933044
1511, 1827, 2406, 1827, 2406, 2025, 1511, 2025, 0.9634876847267151, 0, 0.9993001222610474
1223, 1862, 1413, 1862, 1413, 2003, 1223, 2003, 0.4182964265346527, 0, 0.5450802445411682
1471, 3182, 1786, 3182, 1786, 3261, 1471, 3261, 0.6917378306388855, 0, 0.9998906850814819
1360, 3195, 1466, 3195, 1466, 3261, 1360, 3261, 0.3308952748775482, 0, 0.606898844242096
4, 10, 103, 10, 103, 31, 4, 31, 0.9976373314857483, 0, 1.0
78, 235, 103, 235, 103, 246, 78, 246, 0.6253541111946106, 0, 0.867539644241333
637, 581, 924, 590, 920, 716, 633, 706, 0.4761388599872589, 1, 0.8879517316818237
520, 727, 1096, 713, 1100, 840, 524, 854, 0.9195145964622498, 0, 0.9540093541145325
473, 931, 518, 931, 518, 950, 473, 950, 0.05103563517332077, 0, 0.5716937780380249
868, 931, 1583, 924, 1583, 1002, 868, 1009, 0.9120041728019714, 0, 1.0
864, 1023, 1549, 1016, 1549, 1074, 864, 1081, 0.9735926985740662, 0, 1.0
864, 1213, 1167, 1213, 1167, 1295, 864, 1295, 0.8855972290039062, 0, 1.0
1450, 1213, 1573, 1213, 1573, 1292, 1450, 1292, 0.987123429775238, 0, 0.999670147895813
854, 1298, 1390, 1305, 1390, 1373, 854, 1366, 0.9954761266708374, 0, 1.0
1456, 1424, 1673, 1499, 1629, 1628, 1413, 1553, 0.7274745106697083, 1, 0.6713666319847107
858, 1485, 1104, 1485, 1104, 1560, 858, 1560, 0.9930005073547363, 0, 1.0
854, 1570, 1160, 1570, 1160, 1628, 854, 1628, 0.9873895645141602, 0, 1.0
871, 1784, 1377, 1791, 1377, 1873, 871, 1866, 0.8845008611679077, 0, 1.0
1490, 1791, 1649, 1791, 1649, 1866, 1490, 1866, 0.8137246370315552, 0, 0.9999923706054688
868, 1886, 1257, 1886, 1257, 1944, 868, 1944, 0.9166099429130554, 0, 1.0
1726, 1934, 1826, 1934, 1826, 1968, 1726, 1968, 0.9978909492492676, 0, 0.9999998807907104
1746, 1978, 1802, 1978, 1802, 2019, 1746, 2019, 0.8141860365867615, 0, 0.9533258676528931
1144, 2039, 1539, 2033, 1539, 2114, 1144, 2121, 0.9734275937080383, 0, 1.0
878, 2074, 997, 2060, 1014, 2230, 894, 2244, 0.9272369146347046, 0, 0.9736115336418152
1071, 2067, 1100, 2067, 1100, 2104, 1071, 2104, 0.6798563599586487, 1, 0.7127338647842407
2331, 2135, 2388, 2135, 2388, 2182, 2331, 2182, 0.21478481590747833, 0, 0.7741230130195618
1150, 2145, 1556, 2138, 1556, 2216, 1150, 2223, 0.9968836903572083, 0, 1.0
9, 2220, 172, 2220, 172, 2284, 9, 2284, 0.8626481294631958, 0, 0.9999948740005493
142, 226, 1320, 372, 1282, 680, 104, 535, 0.6521579623222351, 0, 0.998668909072876
76, 856, 2435, 905, 2427, 1310, 68, 1262, 0.639785885810852, 0, 0.9999819993972778
974, 1404, 1400, 1428, 1393, 1529, 967, 1506, 0.9485569000244141, 0, 0.9999628067016602
697, 1440, 1255, 1450, 1255, 1510, 697, 1500, 0.9994748830795288, 0, 1.0
1953, 1476, 1966, 1476, 1966, 1493, 1953, 1493, 0.08834127336740494, 0, 0.5394144058227539
841, 1536, 997, 1536, 997, 1583, 841, 1583, 0.5810662508010864, 0, 0.998002827167511
740, 1539, 798, 1539, 798, 1583, 740, 1583, 0.9930897355079651, 0, 0.9288139939308167
1770, 1539, 1835, 1539, 1835, 1596, 1770, 1596, 0.9992516040802002, 0, 0.9707540273666382
1894, 1530, 1995, 1530, 1995, 1596, 1894, 1596, 0.9997859001159668, 0, 0.9701015949249268
1089, 1549, 1141, 1549, 1141, 1576, 1089, 1576, 0.39876556396484375, 1, 0.7172835469245911
277, 406, 2341, 280, 2364, 680, 300, 806, 0.9609259366989136, 0, 0.9171198010444641
694, 1216, 746, 1216, 746, 1240, 694, 1240, 0.07325524836778641, 0, 0.8979789614677429
1130, 1019, 2115, 1019, 2115, 1193, 1130, 1193, 0.7318287491798401, 0, 0.626003086566925
2112, 1298, 2361, 1298, 2361, 1360, 2112, 1360, 0.9956022500991821, 0, 1.0
888, 1907, 1031, 1907, 1031, 1941, 888, 1941, 0.4099280834197998, 1, 0.6164287328720093
924, 2186, 1097, 2186, 1097, 2223, 924, 2223, 0.9654049277305603, 0, 0.9999998807907104
914, 2233, 1154, 2230, 1154, 2281, 914, 2284, 0.9728386998176575, 0, 1.0
65, 399, 262, 399, 262, 434, 65, 434, 0.978615403175354, 0, 1.0
5, 116, 243, 129, 239, 191, 1, 178, 0.9084715843200684, 0, 1.0
322, 146, 582, 164, 578, 231, 318, 213, 0.9956555962562561, 0, 1.0
114, 194, 254, 202, 253, 223, 113, 215, 0.9714280366897583, 0, 1.0
39, 57, 68, 57, 66, 281, 37, 281, 0.9830866456031799, 0, 1.0
236, 479, 575, 479, 575, 734, 236, 734, 0.997522234916687, 0, 1.0
372, 866, 1573, 866, 1573, 1432, 372, 1432, 0.9910162091255188, 0, 0.7196191549301147
1626, 1014, 3006, 1014, 3006, 1384, 1626, 1384, 0.9940285682678223, 0, 1.0
1516, 1066, 1713, 1066, 1713, 1266, 1516, 1266, 0.094472736120224, 1, 0.7858288884162903
4, 8, 48, 8, 48, 27, 4, 27, 0.46787509322166443, 0, 0.9965907335281372
375, 9, 442, 9, 442, 27, 375, 27, 0.9719974398612976, 0, 0.9987758994102478
19, 51, 43, 51, 43, 73, 19, 73, 0.7261530756950378, 0, 0.5176586508750916
75, 48, 164, 48, 164, 72, 75, 72, 0.9780100584030151, 0, 1.0
406, 53, 419, 53, 419, 72, 406, 72, 0.9100712537765503, 0, 0.8274096250534058
23, 123, 359, 123, 359, 147, 23, 147, 0.9806663393974304, 0, 1.0
20, 173, 205, 173, 205, 190, 20, 190, 0.9672503471374512, 0, 1.0
146, 264, 385, 264, 385, 285, 146, 285, 0.8114277124404907, 0, 1.0
390, 451, 432, 453, 431, 477, 389, 475, 0.999596118927002, 0, 0.9999899864196777
15, 8, 208, 8, 208, 30, 15, 30, 0.7458270192146301, 0, 0.917482852935791
327, 8, 395, 8, 395, 32, 327, 32, 0.9832391738891602, 0, 1.0
606, 8, 708, 8, 708, 30, 606, 30, 0.8347375988960266, 0, 0.9981549382209778
14, 61, 118, 61, 118, 98, 14, 98, 0.8158606886863708, 0, 0.9999998807907104
637, 62, 705, 62, 705, 97, 637, 97, 0.9991731643676758, 0, 1.0
173, 173, 285, 173, 285, 217, 173, 217, 0.9975873231887817, 0, 0.9999936819076538
26, 286, 96, 286, 96, 326, 26, 326, 0.9972174167633057, 0, 1.0
31, 341, 288, 341, 288, 369, 31, 369, 0.9957223534584045, 0, 1.0
27, 412, 96, 412, 96, 452, 27, 452, 0.9972841739654541, 0, 0.9999990463256836
31, 613, 171, 613, 171, 650, 31, 650, 0.9946920275688171, 0, 1.0
30, 700, 208, 700, 208, 736, 30, 736, 0.9991680979728699, 0, 1.0
33, 786, 280, 786, 280, 818, 33, 818, 0.9434002041816711, 0, 1.0
33, 978, 280, 978, 280, 1010, 33, 1010, 0.877526044845581, 0, 1.0
604, 1194, 654, 1194, 654, 1214, 604, 1214, 0.45895934104919434, 1, 0.9380613565444946
68, 1208, 108, 1208, 108, 1245, 68, 1245, 0.8575919270515442, 0, 0.6196463704109192
605, 1214, 651, 1214, 651, 1229, 605, 1229, 0.4346715211868286, 1, 0.9419695138931274
602, 1228, 654, 1228, 654, 1248, 602, 1248, 0.5288283824920654, 1, 0.9100569486618042
52, 1253, 128, 1253, 128, 1277, 52, 1277, 0.997597336769104, 0, 1.0
232, 1253, 309, 1253, 309, 1277, 232, 1277, 0.9931944608688354, 0, 1.0
421, 1253, 478, 1253, 478, 1277, 421, 1277, 0.8985176086425781, 0, 0.9999983310699463
590, 1253, 667, 1253, 667, 1276, 590, 1276, 0.9884635210037231, 0, 1.0
30, 247, 275, 247, 275, 279, 30, 279, 0.9931865930557251, 0, 1.0
909, 1080, 1633, 1019, 1646, 1183, 922, 1243, 0.9858801960945129, 0, 0.9464916586875916
153, 1153, 825, 1106, 831, 1190, 159, 1236, 0.9844790101051331, 0, 1.0
104, 213, 862, 242, 856, 381, 97, 352, 0.9431313276290894, 0, 1.0
345, 530, 638, 540, 635, 629, 342, 620, 0.9999406933784485, 0, 0.7902901768684387
630, 561, 705, 561, 705, 605, 630, 605, 0.22898270189762115, 0, 0.5270836353302002
56, 533, 1506, 542, 1503, 1042, 53, 1033, 0.8192301392555237, 0, 0.9513402581214905
1509, 701, 1624, 701, 1624, 815, 1509, 815, 0.038990914821624756, 0, 0.5057858824729919
1787, 1698, 2422, 1728, 2418, 1801, 1783, 1771, 0.9842875003814697, 0, 1.0
1787, 1793, 2288, 1814, 2284, 1887, 1783, 1866, 0.8846955299377441, 0, 1.0
1779, 1879, 2128, 1892, 2128, 1952, 1779, 1939, 0.8871914744377136, 0, 1.0
1779, 1952, 2120, 1965, 2120, 2025, 1779, 2012, 0.9959802031517029, 0, 0.9999998807907104
1779, 2025, 2334, 2042, 2334, 2102, 1779, 2085, 0.9650718569755554, 0, 1.0
2389, 2111, 2427, 2111, 2427, 2154, 2389, 2154, 0.911245584487915, 0, 0.9713658690452576
2250, 2773, 2368, 2773, 2368, 2863, 2250, 2863, 0.8860028386116028, 0, 0.9783250689506531
1720, 2881, 2178, 2855, 2191, 3117, 1733, 3143, 0.9992454648017883, 0, 0.9999673366546631
2149, 2954, 2431, 2954, 2431, 3100, 2149, 3100, 0.9429159164428711, 0, 0.99837327003479
1363, 426, 2380, 476, 2357, 973, 1340, 923, 0.9780200719833374, 0, 0.7258989214897156
13, 459, 1395, 459, 1395, 846, 13, 846, 0.986290693283081, 0, 0.948876678943634
1428, 616, 1480, 616, 1480, 660, 1428, 660, 0.47190940380096436, 0, 0.5564134120941162
225, 1440, 1131, 1470, 1125, 1676, 218, 1646, 0.9934386610984802, 0, 0.9464356899261475
202, 1809, 1092, 1823, 1089, 2036, 198, 2023, 0.9508892297744751, 0, 0.9597854018211365
808, 2150, 1007, 2163, 1004, 2220, 805, 2206, 0.8216414451599121, 0, 0.9999699592590332
185, 2186, 704, 2186, 704, 2423, 185, 2423, 0.9999216794967651, 1, 0.7138780951499939
971, 2253, 1063, 2253, 1063, 2276, 971, 2276, 0.6244509816169739, 0, 0.8019593358039856
2106, 196, 2399, 196, 2399, 360, 2106, 360, 0.9982666969299316, 0, 0.9999995231628418
1532, 1270, 1591, 1270, 1591, 1340, 1532, 1340, 0.34522148966789246, 1, 0.7302690148353577
652, 1280, 1464, 1270, 1464, 1373, 652, 1383, 0.9513648152351379, 0, 1.0
743, 1380, 1369, 1393, 1366, 1543, 740, 1530, 0.9838107228279114, 0, 1.0
697, 162, 814, 162, 814, 201, 697, 201, 0.9906761646270752, 0, 0.996928870677948
123, 259, 1002, 271, 1002, 338, 123, 326, 0.9577276110649109, 0, 1.0
100, 405, 1010, 402, 1010, 477, 100, 480, 0.9350644946098328, 0, 1.0
75, 561, 1041, 547, 1041, 623, 75, 637, 0.9529455304145813, 0, 1.0
36, 723, 1038, 692, 1041, 779, 39, 810, 0.9744122624397278, 0, 1.0
19, 910, 1050, 860, 1052, 944, 22, 994, 0.9813065528869629, 0, 1.0
8, 1106, 1019, 1036, 1027, 1128, 16, 1198, 0.9735676646232605, 0, 1.0
213, 148, 310, 150, 309, 188, 212, 186, 0.49927443265914917, 0, 0.9993745684623718
821, 115, 1985, 101, 2025, 3263, 861, 3263, 0.7382445335388184, 0, 0.6358438730239868
999, 313, 1147, 316, 1106, 2022, 958, 2019, 0.903849184513092, 0, 0.9991127848625183
2098, 436, 2218, 436, 2218, 481, 2098, 481, 0.7879540324211121, 0, 0.714451253414154
96, 813, 331, 838, 326, 892, 91, 867, 0.5470072031021118, 0, 0.9435700178146362
280, 821, 326, 821, 326, 838, 280, 838, 0.2918030917644501, 1, 0.629107654094696
423, 841, 548, 841, 548, 887, 423, 887, 0.6995016932487488, 1, 0.9190414547920227
71, 884, 188, 884, 188, 923, 71, 923, 0.5115703344345093, 0, 0.9875651001930237
193, 892, 275, 892, 275, 928, 193, 928, 0.3183996379375458, 0, 0.9712735414505005
349, 895, 558, 905, 555, 948, 346, 938, 0.3812122941017151, 1, 0.9410947561264038
79, 938, 137, 938, 137, 979, 79, 979, 0.9375486373901367, 0, 0.5657625794410706
193, 951, 293, 951, 293, 989, 193, 989, 0.6291330456733704, 0, 0.7572261691093445
504, 946, 640, 940, 642, 994, 507, 999, 0.833362877368927, 0, 0.9993723034858704
66, 989, 130, 989, 130, 1027, 66, 1027, 0.9015193581581116, 0, 0.8799576163291931
181, 999, 290, 999, 290, 1035, 181, 1035, 0.22955726087093353, 0, 0.6845143437385559
767, 1022, 838, 1022, 838, 1050, 767, 1050, 0.6463981866836548, 1, 0.6411914825439453
1463, 1017, 2386, 1035, 2384, 1203, 1461, 1185, 0.995112419128418, 0, 1.0
408, 1032, 568, 1032, 568, 1086, 408, 1086, 0.6018388271331787, 1, 0.9985814094543457
63, 1048, 191, 1048, 191, 1083, 63, 1083, 0.650388777256012, 0, 0.6393254399299622
66, 1099, 119, 1099, 119, 1139, 66, 1139, 0.7439069747924805, 0, 0.7256059050559998
173, 1106, 272, 1111, 270, 1147, 170, 1142, 0.30656951665878296, 0, 0.6998772025108337
341, 1101, 581, 1106, 581, 1152, 341, 1147, 0.6093817949295044, 0, 0.9911341071128845
484, 1157, 634, 1165, 632, 1218, 481, 1211, 0.263171523809433, 1, 0.9445896744728088
68, 1173, 117, 1173, 117, 1206, 68, 1206, 0.9505990743637085, 0, 0.5970193147659302
168, 1175, 275, 1175, 275, 1211, 168, 1211, 0.6035643815994263, 0, 0.9765363931655884
328, 1216, 594, 1234, 589, 1295, 323, 1277, 0.5968948006629944, 0, 0.9526033401489258
1410, 1224, 2152, 1303, 2126, 1547, 1384, 1468, 0.7797116637229919, 0, 0.9153177738189697
1751, 1231, 2134, 1239, 2131, 1338, 1749, 1331, 0.9669011831283569, 0, 0.9660521149635315
68, 1241, 114, 1241, 114, 1272, 68, 1272, 0.8327862620353699, 0, 0.7543821930885315
163, 1246, 277, 1246, 277, 1282, 163, 1282, 0.6549410820007324, 0, 0.9475840330123901
2177, 1461, 2335, 1468, 2333, 1514, 2175, 1507, 0.16799500584602356, 1, 0.6525397300720215
2389, 1481, 2442, 1481, 2442, 1517, 2389, 1517, 0.6812973022460938, 0, 0.7500130534172058
1382, 1491, 1938, 1512, 1935, 1570, 1379, 1550, 0.916273832321167, 0, 0.9999268054962158
2269, 1552, 2430, 1552, 2430, 1596, 2269, 1596, 0.07652530819177628, 1, 0.5456996560096741
2366, 1632, 2440, 1632, 2440, 1672, 2366, 1672, 0.2131952941417694, 1, 0.6482828855514526
2379, 1711, 2442, 1711, 2442, 1749, 2379, 1749, 0.07750854641199112, 1, 0.7515065670013428
2282, 1777, 2440, 1785, 2437, 1830, 2279, 1823, 0.4676806628704071, 1, 0.9695362448692322
2195, 1848, 2366, 1858, 2363, 1904, 2193, 1894, 0.06565883755683899, 1, 0.8999964594841003
2386, 1869, 2440, 1869, 2440, 1904, 2386, 1904, 0.9959825873374939, 0, 0.8051002621650696
1063, 2180, 1086, 2180, 1086, 2190, 1063, 2190, 0.04237828776240349, 0, 0.6137560606002808
371, 2270, 2070, 2280, 2067, 2786, 368, 2776, 0.9989025592803955, 0, 0.974452793598175
70, 235, 560, 205, 564, 267, 74, 298, 0.9507827758789062, 0, 0.9999812841415405
1007, 1696, 1102, 1696, 1108, 2196, 1014, 2196, 0.9058578014373779, 0, 0.9975903034210205
1597, 2353, 1786, 2360, 1783, 2430, 1594, 2423, 0.5694978833198547, 0, 0.9987279772758484
1604, 2436, 1786, 2436, 1786, 2496, 1604, 2496, 0.8506056070327759, 0, 0.9906923174858093
2801, 1313, 2968, 1453, 2879, 1556, 2713, 1416, 0.7714403867721558, 0, 0.7391536235809326
1988, 1383, 2278, 1383, 2278, 1593, 1988, 1593, 0.7268472909927368, 1, 0.5895399451255798
2308, 1377, 2339, 1390, 2329, 1410, 2298, 1396, 0.05052221938967705, 0, 0.5391592383384705
537, 1483, 1992, 1390, 2012, 1712, 557, 1806, 0.9543434381484985, 0, 0.9999970197677612
1360, 1696, 1985, 1682, 1988, 1862, 1363, 1875, 0.9655473828315735, 0, 1.0
325, 54, 2208, 74, 2205, 503, 322, 482, 0.9957597851753235, 0, 1.0
286, 727, 761, 741, 758, 887, 282, 873, 0.9900107383728027, 0, 1.0
1396, 754, 1862, 754, 1862, 887, 1396, 887, 0.9966274499893188, 0, 1.0
888, 1002, 1433, 1002, 1433, 1122, 888, 1122, 0.9894675016403198, 0, 0.9999997615814209
369, 1037, 668, 1037, 668, 1190, 369, 1190, 0.9944890141487122, 0, 0.9999401569366455
838, 1298, 1516, 1305, 1516, 1421, 838, 1414, 0.9893026947975159, 0, 0.9999991655349731
306, 1322, 725, 1322, 725, 1468, 306, 1468, 0.9876615405082703, 0, 1.0
1603, 1414, 2285, 1414, 2285, 1557, 1603, 1557, 0.9330739378929138, 0, 1.0
355, 1608, 658, 1608, 658, 1764, 355, 1764, 0.9642623066902161, 0, 0.999995231628418
854, 1611, 1510, 1621, 1510, 1750, 854, 1740, 0.974370539188385, 0, 1.0
1596, 1788, 2285, 1788, 2285, 1931, 1596, 1931, 0.9280698895454407, 0, 1.0
349, 1890, 655, 1890, 655, 2043, 349, 2043, 0.9937000274658203, 0, 1.0
811, 1924, 1510, 1934, 1510, 2053, 811, 2043, 0.9827436804771423, 0, 0.9999998807907104
302, 2182, 685, 2182, 685, 2342, 302, 2342, 0.9972667694091797, 0, 1.0
858, 2230, 1406, 2240, 1403, 2359, 854, 2349, 0.9947143197059631, 0, 1.0
1137, 2587, 2148, 2611, 2148, 2692, 1137, 2669, 0.9985666275024414, 0, 1.0
1154, 2760, 2108, 2777, 2108, 2849, 1154, 2832, 0.979911744594574, 0, 1.0
1579, 2896, 2168, 2907, 2168, 2978, 1579, 2968, 0.917199432849884, 0, 1.0
750, 380, 1584, 386, 1584, 499, 750, 493, 0.7666634321212769, 0, 0.9999959468841553
802, 540, 1532, 550, 1532, 676, 802, 666, 0.9834465980529785, 0, 1.0
1552, 839, 1617, 833, 1620, 859, 1555, 866, 0.24882394075393677, 0, 0.7122558355331421
342, 2023, 1069, 2023, 1069, 2103, 342, 2103, 0.7907626628875732, 0, 1.0
1167, 2023, 1689, 2029, 1689, 2110, 1167, 2103, 0.9955375790596008, 0, 1.0
701, 2143, 1268, 2143, 1268, 2260, 701, 2260, 0.966949999332428, 0, 0.9994896650314331
668, 2323, 1327, 2323, 1327, 2440, 668, 2440, 0.9899604320526123, 0, 0.9993175268173218
877, 2483, 1043, 2483, 1043, 2656, 877, 2656, 0.9998531937599182, 0, 0.6686442494392395
489, 2516, 854, 2516, 854, 2600, 489, 2600, 0.9904748797416687, 0, 1.0
1059, 2566, 1395, 2573, 1395, 2656, 1059, 2650, 0.9843935966491699, 0, 1.0
864, 975, 1443, 979, 1443, 1050, 864, 1047, 0.9946960806846619, 0, 1.0
788, 1210, 1253, 1210, 1253, 1305, 788, 1305, 0.22918550670146942, 0, 0.9314722418785095
1217, 1224, 1380, 1224, 1380, 1302, 1217, 1302, 0.14962080121040344, 0, 0.7795634865760803
1393, 1227, 1483, 1227, 1483, 1298, 1393, 1298, 0.18337270617485046, 1, 0.8616481423377991
1363, 1553, 1398, 1553, 1398, 1579, 1363, 1579, 0.07953667640686035, 0, 0.5734980702400208
65, 2690, 1666, 2656, 1676, 3086, 75, 3119, 0.9205100536346436, 0, 0.9999758005142212
1536, 88, 1925, 88, 1925, 367, 1536, 367, 0.9311105608940125, 1, 0.7146943807601929
2002, 108, 2354, 136, 2341, 326, 1988, 299, 0.9910997152328491, 1, 0.7504774332046509
1516, 656, 2115, 598, 2138, 846, 1539, 904, 0.6204730868339539, 1, 0.9292463660240173
877, 2070, 2139, 2080, 2135, 2586, 873, 2576, 0.9892513751983643, 0, 0.9849511384963989
358, 2926, 2380, 2943, 2380, 3183, 358, 3166, 0.9246265888214111, 0, 1.0
1433, 758, 1496, 758, 1496, 771, 1433, 771, 0.339834064245224, 0, 0.7374222278594971
1616, 758, 1676, 758, 1676, 781, 1616, 781, 0.18718171119689941, 0, 0.8292533159255981
49, 904, 1726, 897, 1726, 1118, 49, 1125, 0.9905288219451904, 0, 1.0
335, 1169, 1576, 1098, 1583, 1203, 342, 1275, 0.9383541941642761, 0, 0.9999997615814209
780, 1479, 1050, 1491, 1042, 1606, 772, 1593, 0.49128830432891846, 0, 0.7647353410720825
1746, 1247, 2231, 1237, 2235, 1346, 1749, 1356, 0.9534205198287964, 0, 1.0
1749, 1370, 2225, 1363, 2225, 1472, 1749, 1478, 0.957589864730835, 0, 0.9984896183013916
475, 1516, 884, 1516, 884, 1574, 475, 1574, 0.3853682577610016, 1, 0.786289393901825
478, 1580, 881, 1580, 881, 1628, 478, 1628, 0.7392467856407166, 0, 1.0
449, 1635, 944, 1635, 944, 1693, 449, 1693, 0.602603554725647, 0, 0.9974729418754578
927, 1866, 1154, 1873, 1154, 1944, 927, 1937, 0.6560246348381042, 0, 0.97918701171875
981, 1954, 1147, 1954, 1147, 1992, 981, 1992, 0.619825005531311, 0, 0.8448835611343384
964, 1999, 1154, 1999, 1154, 2070, 964, 2070, 0.8764539957046509, 0, 0.9999995231628418
1490, 2118, 2165, 2087, 2175, 2346, 1500, 2376, 0.9962356090545654, 0, 0.999967098236084
1496, 2393, 2065, 2407, 2055, 2716, 1486, 2703, 0.9816244840621948, 0, 0.5811516642570496
2161, 2641, 2211, 2641, 2211, 2675, 2161, 2675, 0.3142457902431488, 0, 0.5402044653892517
608, 2767, 1230, 2757, 1233, 2900, 612, 2910, 0.9395784139633179, 0, 1.0
621, 2920, 1496, 2913, 1496, 3042, 621, 3049, 0.9504919648170471, 0, 1.0
405, 999, 1353, 1043, 1343, 1244, 395, 1200, 0.86127108335495, 0, 1.0
648, 1220, 898, 1234, 891, 1343, 641, 1329, 0.9946683645248413, 0, 1.0
613, 896, 3401, 818, 3405, 979, 618, 1057, 0.9625838994979858, 0, 1.0
534, 1292, 3537, 1197, 3546, 1462, 543, 1558, 0.9936171174049377, 0, 1.0
39, 2710, 2067, 2766, 2057, 3053, 29, 2996, 0.995396077632904, 0, 1.0
48, 1236, 3576, 1188, 3581, 1466, 52, 1514, 0.926629364490509, 0, 0.9999995231628418
76, 0, 679, 0, 674, 120, 71, 92, 0.3329721689224243, 0, 0.6220095157623291
129, 194, 580, 208, 579, 258, 127, 245, 0.9288954138755798, 0, 1.0
873, 1132, 892, 1132, 892, 1153, 873, 1153, 0.07723075896501541, 1, 0.8296213746070862
2, 1146, 173, 1144, 173, 1177, 2, 1180, 0.790181577205658, 0, 1.0
1134, 3, 1653, 3, 1653, 46, 1134, 46, 0.7467055916786194, 0, 0.7698279619216919
1056, 209, 1721, 219, 1721, 323, 1056, 313, 0.9975485801696777, 0, 1.0
1053, 336, 2214, 353, 2214, 423, 1053, 406, 0.9589795470237732, 0, 0.9999997615814209
613, 1506, 2259, 1503, 2259, 1583, 613, 1586, 0.9826836585998535, 0, 0.9999991655349731
1327, 2406, 1578, 2396, 1578, 2446, 1327, 2456, 0.9885668754577637, 0, 1.0
1369, 2636, 1486, 2636, 1486, 2740, 1369, 2740, 0.9926018714904785, 1, 0.8625924587249756
1336, 2743, 1513, 2736, 1516, 2796, 1340, 2803, 0.7574953436851501, 0, 0.9991989731788635
39, 996, 1742, 1009, 1739, 1353, 36, 1339, 0.7784760594367981, 0, 0.9999743700027466
1722, 1309, 2271, 1319, 2271, 1400, 1722, 1390, 0.9652572274208069, 0, 1.0
934, 2366, 1031, 2366, 1031, 2403, 934, 2403, 0.16528606414794922, 0, 0.6241687536239624
698, 2458, 967, 2465, 967, 2509, 698, 2502, 0.48690447211265564, 1, 0.5682740211486816
1017, 2475, 1120, 2475, 1120, 2499, 1017, 2499, 0.049124058336019516, 1, 0.5573238134384155
593, 1392, 3103, 1526, 3083, 1894, 573, 1760, 0.6421112418174744, 0, 0.9999939203262329
158, 193, 212, 193, 212, 208, 158, 208, 0.8689743876457214, 0, 0.9986932873725891
443, 338, 554, 338, 554, 371, 443, 371, 0.9938701391220093, 0, 0.9997612833976746
1301, 650, 2276, 656, 2276, 756, 1301, 750, 0.9781043529510498, 0, 1.0
1304, 776, 2266, 776, 2266, 876, 1304, 876, 0.958227813243866, 0, 1.0
1314, 923, 2240, 916, 2240, 1009, 1314, 1016, 0.9701049327850342, 0, 1.0
1640, 2453, 1738, 2453, 1738, 2520, 1640, 2520, 0.9917036294937134, 0, 0.9958205223083496
1627, 2646, 1725, 2646, 1725, 2710, 1627, 2710, 0.992420494556427, 0, 0.9992703795433044
231, 256, 383, 264, 382, 292, 230, 285, 0.9935210347175598, 0, 1.0
231, 300, 383, 306, 382, 335, 230, 329, 0.9380292892456055, 0, 0.9999955892562866
358, 0, 592, 0, 626, 963, 392, 971, 0.9993041157722473, 0, 1.0
926, 1786, 1173, 1786, 1173, 1883, 926, 1883, 0.9954517483711243, 0, 1.0
945, 1939, 1157, 1939, 1157, 2023, 945, 2023, 0.7160103917121887, 0, 1.0
988, 2036, 1063, 2036, 1063, 2050, 988, 2050, 0.6042253971099854, 1, 0.8172003626823425
955, 2086, 1115, 2093, 1115, 2126, 955, 2120, 0.8324435353279114, 0, 1.0
293, 2343, 2175, 2333, 2175, 2716, 293, 2726, 0.9862775206565857, 0, 0.9998862743377686
127, 1599, 1079, 1619, 1076, 1819, 123, 1799, 0.9688562154769897, 0, 1.0
753, 1879, 1056, 1879, 1056, 1973, 753, 1973, 0.9612812995910645, 0, 0.989355742931366
753, 1973, 1040, 1979, 1040, 2029, 753, 2023, 0.9475324153900146, 0, 0.9966261386871338
52, 2016, 769, 2016, 769, 2410, 52, 2410, 0.9984328746795654, 0, 0.9997628331184387
372, 1184, 3112, 1336, 3094, 1675, 355, 1523, 0.9968716502189636, 0, 1.0
1751, 793, 1910, 799, 1884, 1413, 1725, 1406, 0.8969206213951111, 0, 0.9999605417251587
1623, 1086, 1650, 1086, 1650, 1130, 1623, 1130, 0.05601322278380394, 0, 0.6489041447639465
1620, 1120, 1656, 1120, 1650, 1260, 1614, 1260, 0.7607927322387695, 0, 0.9880697131156921
1100, 1105, 2437, 1049, 2441, 1179, 1104, 1236, 0.9812110066413879, 0, 0.9997913241386414
182, 156, 278, 163, 275, 198, 179, 192, 0.5940080285072327, 0, 0.996298611164093
359, 160, 546, 169, 544, 210, 356, 201, 0.652654230594635, 0, 0.9997300505638123
281, 174, 303, 170, 306, 185, 284, 189, 0.13711781799793243, 0, 0.9451357126235962
179, 203, 295, 203, 295, 242, 179, 242, 0.985819935798645, 0, 0.9999505281448364
340, 207, 558, 221, 555, 262, 337, 248, 0.6918967962265015, 0, 0.9576182961463928
558, 236, 593, 237, 584, 511, 549, 510, 0.9159992337226868, 0, 0.9995803236961365
178, 260, 255, 260, 255, 278, 178, 278, 0.5010973811149597, 0, 0.8280009627342224
402, 261, 455, 261, 455, 275, 402, 275, 0.1149916797876358, 0, 0.5891771912574768
627, 254, 682, 263, 678, 284, 623, 275, 0.08956987410783768, 0, 0.713533878326416
502, 265, 532, 265, 532, 276, 502, 276, 0.07674933224916458, 1, 0.6137797832489014
618, 290, 684, 292, 683, 313, 617, 311, 0.6559051871299744, 0, 0.9987967014312744
800, 38, 1843, 89, 1728, 2447, 685, 2425, 0.3743382692337036, 0, 0.9999219179153442
2386, 56, 2435, 56, 2435, 132, 2386, 132, 0.10539782047271729, 1, 0.5460771322250366
2374, 160, 2440, 160, 2440, 277, 2374, 277, 0.24644245207309723, 0, 0.643546998500824
1971, 136, 2377, 131, 2377, 217, 1971, 223, 0.8556259870529175, 0, 0.9997971653938293
2125, 229, 2287, 226, 2287, 248, 2125, 251, 0.9509621858596802, 0, 1.0
800, 301, 935, 301, 935, 332, 800, 332, 0.9941070675849915, 0, 1.0
2265, 477, 2438, 483, 2438, 522, 2265, 516, 0.853082537651062, 0, 0.9999994039535522
1509, 575, 1604, 575, 1604, 648, 1509, 648, 0.09115187078714371, 1, 0.7662187218666077
2125, 645, 2139, 645, 2139, 653, 2125, 653, 0.0360998660326004, 0, 0.572098433971405
1341, 662, 1411, 662, 1411, 726, 1341, 726, 0.1481325775384903, 0, 0.7059295177459717
1946, 841, 2618, 827, 2618, 885, 1946, 899, 0.8869233131408691, 0, 0.9999997615814209
649, 857, 1352, 855, 1352, 913, 649, 916, 0.7946624755859375, 0, 0.9999701976776123
2184, 1086, 2326, 1086, 2326, 1126, 2184, 1126, 0.8358762860298157, 0, 0.9714055061340332
2035, 1112, 2147, 1095, 2156, 1159, 2044, 1176, 0.9942958354949951, 0, 0.5253958702087402
2195, 1137, 2324, 1137, 2324, 1176, 2195, 1176, 0.984033465385437, 1, 0.515056848526001
1350, 927, 2117, 892, 2125, 1062, 1358, 1096, 0.9968773722648621, 0, 1.0
1433, 1131, 2068, 1096, 2077, 1266, 1442, 1301, 0.9881389141082764, 0, 1.0
900, 1270, 1522, 1260, 1526, 1436, 903, 1446, 0.9965757727622986, 0, 0.9999756813049316
896, 1496, 1526, 1496, 1526, 1673, 896, 1673, 0.9982321858406067, 0, 0.9999988079071045
927, 1808, 1586, 1829, 1579, 2016, 924, 1999, 0.9985153675079346, 0, 0.8324126601219177
924, 2009, 1559, 2029, 1559, 2097, 924, 2077, 0.9257784485816956, 0, 0.9991336464881897
864, 2376, 1227, 2383, 1224, 2519, 861, 2512, 0.9895379543304443, 0, 1.0
661, 2628, 1433, 2652, 1430, 2794, 658, 2771, 0.997279942035675, 0, 1.0
19, 1200, 2272, 1130, 2282, 1450, 29, 1520, 0.8220674991607666, 0, 0.869005024433136
123, 191, 659, 205, 658, 255, 122, 241, 0.7620890736579895, 0, 0.5077429413795471
66, 248, 715, 265, 714, 307, 65, 290, 0.9701067805290222, 0, 1.0
58, 301, 722, 317, 722, 338, 58, 322, 0.9632306694984436, 0, 0.9619244337081909
