339, 300, 1268, 350, 1255, 610, 326, 560, 0.9092163443565369, 0, 0.9986779093742371
365, 563, 1216, 576, 1216, 646, 365, 633, 0.9005494117736816, 0, 0.9999998807907104
130, 72, 374, 85, 372, 141, 127, 127, 0.9321267008781433, 0, 0.9989190101623535
114, 168, 156, 171, 133, 522, 91, 519, 0.9608217477798462, 0, 0.9999769926071167
221, 1946, 2064, 1976, 2057, 2406, 215, 2376, 0.944516658782959, 0, 0.9999998807907104
746, 520, 1082, 540, 968, 2530, 632, 2510, 0.9040176272392273, 0, 0.8843541741371155
1066, 1926, 1330, 1926, 1330, 2093, 1066, 2093, 0.923649787902832, 0, 0.9360900521278381
570, 2610, 1033, 2583, 1040, 2713, 577, 2740, 0.9012237191200256, 0, 0.9021497368812561
96, 54, 2447, 44, 2447, 373, 96, 384, 0.899833619594574, 0, 0.9937865734100342
239, 530, 2208, 431, 2255, 1424, 286, 1523, 0.9961636066436768, 0, 0.9969741106033325
196, 996, 2241, 1105, 2178, 2332, 133, 2223, 0.5523765683174133, 0, 0.6398669481277466
1160, 1108, 1174, 1108, 1174, 1173, 1160, 1173, 0.0, 0, 0.532899022102356
1669, 1638, 1692, 1638, 1692, 1652, 1669, 1652, 0.10124602913856506, 0, 0.5465921759605408
468, 2172, 1949, 2247, 1935, 2529, 455, 2454, 0.9493662714958191, 0, 0.9999992847442627
0, 2563, 2447, 2539, 2447, 3263, 0, 3263, 0.25523099303245544, 1, 0.8188585638999939
538, 43, 619, 43, 619, 83, 538, 83, 0.9419599175453186, 0, 0.9582818746566772
120, 833, 1819, 1030, 1770, 1463, 71, 1266, 0.9426738023757935, 0, 0.9864245057106018
1630, 1019, 2380, 1063, 2360, 1440, 1610, 1396, 0.9940704107284546, 0, 0.968244194984436
1679, 1170, 1692, 1170, 1692, 1240, 1679, 1240, 0.0, 0, 0.5967164635658264
1731, 1183, 1744, 1183, 1744, 1200, 1731, 1200, 0.4551304280757904, 1, 0.5508220195770264
1744, 1193, 1764, 1193, 1764, 1210, 1744, 1210, 0.0, 1, 0.6392809152603149
567, 1326, 1232, 1350, 1219, 1719, 554, 1696, 0.9241369962692261, 0, 0.5476768016815186
1219, 1546, 1558, 1566, 1548, 1716, 1209, 1696, 0.998610258102417, 0, 0.9999998807907104
261, 74, 557, 64, 561, 170, 265, 181, 0.5457530617713928, 0, 0.5761840343475342
523, 90, 575, 90, 575, 140, 523, 140, 0.0, 1, 0.6241613626480103
644, 1189, 804, 1186, 804, 1234, 644, 1237, 0.9900161027908325, 0, 0.9978808164596558
692, 1229, 763, 1229, 763, 1252, 692, 1252, 0.5628159046173096, 0, 0.8238148093223572
60, 226, 238, 226, 238, 382, 60, 382, 0.0, 1, 0.5334293842315674
259, 240, 698, 237, 700, 338, 260, 341, 0.8738972544670105, 0, 0.9859285950660706
191, 257, 283, 264, 278, 333, 186, 325, 0.0, 0, 0.6572491526603699
271, 344, 706, 344, 706, 375, 271, 375, 0.667433500289917, 1, 0.7435906529426575
1461, 405, 1532, 405, 1532, 443, 1461, 443, 0.0, 1, 0.5927852392196655
492, 601, 1542, 629, 1532, 1037, 481, 1009, 0.9088597893714905, 0, 0.9999992847442627
502, 1048, 1519, 1048, 1519, 1262, 502, 1262, 0.9266884922981262, 0, 1.0
595, 1448, 1782, 1485, 1779, 1577, 592, 1540, 0.9767682552337646, 0, 0.9822356700897217
632, 936, 1369, 963, 1366, 1046, 629, 1019, 0.8145095109939575, 0, 0.999997615814209
1451, 1103, 1542, 1106, 1526, 1543, 1434, 1539, 0.9785597920417786, 0, 1.0
34, 1320, 1145, 1357, 1139, 1563, 27, 1526, 0.9545921087265015, 0, 0.9978128671646118
1040, 1353, 1812, 1370, 1808, 1579, 1037, 1563, 0.3354876935482025, 0, 0.916179358959198
1730, 1373, 2907, 1406, 2900, 1599, 1723, 1566, 0.9576563239097595, 0, 0.9999990463256836
1084, 1420, 1098, 1420, 1098, 1490, 1084, 1490, 0.0, 0, 0.5429729223251343
47, 1589, 1101, 1606, 1098, 1769, 44, 1752, 0.9898611903190613, 0, 0.9999998807907104
1084, 1646, 1169, 1646, 1169, 1716, 1084, 1716, 0.0, 0, 0.6002082824707031
1764, 1643, 2974, 1673, 2971, 1809, 1761, 1779, 0.9210872650146484, 0, 1.0
1166, 1666, 1183, 1666, 1183, 1689, 1166, 1689, 0.02175029180943966, 1, 0.734820544719696
0, 2122, 244, 2122, 244, 2321, 0, 2321, 0.8411925435066223, 0, 0.7274666428565979
1310, 1319, 1586, 1332, 1543, 2152, 1267, 2138, 0.9931917786598206, 0, 1.0
1074, 1560, 1267, 1560, 1267, 2118, 1074, 2118, 0.993807315826416, 0, 0.9834911227226257
234, 1187, 3012, 1237, 3002, 1752, 224, 1702, 0.9349092245101929, 0, 1.0
756, 69, 1066, 78, 1064, 190, 753, 181, 0.9280326962471008, 0, 0.9999998807907104
669, 220, 1148, 220, 1148, 307, 669, 307, 0.9431654810905457, 0, 0.9996102452278137
772, 321, 1064, 321, 1064, 388, 772, 388, 0.8878369331359863, 0, 1.0
694, 405, 1136, 399, 1136, 474, 694, 480, 0.894208550453186, 0, 1.0
775, 536, 982, 516, 988, 561, 781, 581, 0.8962211608886719, 0, 0.9999998807907104
1005, 578, 1120, 578, 1120, 1517, 1005, 1517, 0.8514354825019836, 0, 0.9996328353881836
694, 592, 971, 592, 971, 1511, 694, 1511, 0.9771825671195984, 0, 0.8870419859886169
18, 13, 321, 13, 321, 46, 18, 46, 0.8952203989028931, 0, 0.9995539784431458
552, 11, 694, 11, 694, 50, 552, 50, 0.9615644812583923, 0, 0.9999974966049194
963, 13, 1150, 13, 1150, 46, 963, 46, 0.7137858867645264, 0, 0.9999998807907104
1173, 23, 1198, 23, 1198, 39, 1173, 39, 0.0, 0, 0.6108788847923279
1207, 25, 1216, 25, 1216, 36, 1207, 36, 0.09543810039758682, 0, 0.6038571000099182
522, 80, 714, 80, 714, 128, 522, 128, 0.9155215620994568, 0, 1.0
54, 101, 182, 101, 182, 151, 54, 151, 0.997692346572876, 0, 1.0
529, 142, 710, 142, 710, 174, 529, 174, 0.9424377083778381, 0, 1.0
442, 577, 803, 577, 803, 625, 442, 625, 0.8772227764129639, 0, 1.0
785, 584, 851, 584, 851, 618, 785, 618, 0.9962016344070435, 0, 0.9240029454231262
413, 644, 799, 644, 799, 683, 413, 683, 0.9963927865028381, 0, 1.0
433, 770, 787, 770, 787, 913, 433, 913, 0.9955257177352905, 0, 0.9997767806053162
819, 869, 867, 869, 867, 917, 819, 917, 0.9987605214118958, 0, 0.9999217987060547
372, 940, 869, 940, 869, 979, 372, 979, 0.9748837351799011, 0, 1.0
50, 1131, 614, 1131, 614, 1163, 50, 1163, 0.9283461570739746, 0, 1.0
210, 1242, 356, 1242, 356, 1292, 210, 1292, 0.9997912645339966, 0, 1.0
1050, 1242, 1198, 1242, 1198, 1290, 1050, 1290, 0.8805648684501648, 0, 1.0
205, 1308, 326, 1308, 326, 1357, 205, 1357, 0.9947141408920288, 0, 0.9999998807907104
207, 1451, 353, 1446, 356, 1497, 210, 1501, 0.9804583191871643, 0, 1.0
1050, 1446, 1198, 1451, 1196, 1501, 1047, 1497, 0.8971700668334961, 0, 1.0
207, 1522, 321, 1522, 321, 1564, 207, 1564, 0.9148090481758118, 0, 0.9999997615814209
207, 1660, 353, 1660, 353, 1711, 207, 1711, 0.9337779879570007, 0, 1.0
1050, 1662, 1198, 1662, 1198, 1711, 1050, 1711, 0.9466546773910522, 0, 1.0
205, 1729, 324, 1729, 324, 1777, 205, 1777, 0.961861252784729, 0, 0.9999547004699707
977, 1731, 1196, 1731, 1196, 1773, 977, 1773, 0.995266318321228, 0, 1.0
285, 1865, 392, 1869, 390, 1922, 283, 1918, 0.8721063137054443, 0, 0.7296935319900513
205, 1874, 269, 1874, 269, 1920, 205, 1920, 0.7541688680648804, 0, 0.9998478889465332
1050, 1872, 1198, 1872, 1198, 1922, 1050, 1922, 0.9795419573783875, 0, 1.0
269, 1883, 301, 1890, 296, 1909, 264, 1899, 0.0, 0, 0.5938184857368469
210, 1936, 303, 1936, 303, 1989, 210, 1989, 0.9980024099349976, 0, 0.9991512298583984
431, 2122, 808, 2125, 808, 2171, 431, 2168, 0.9971519112586975, 0, 1.0
234, 83, 1180, 113, 1177, 253, 231, 223, 0.917618453502655, 0, 1.0
241, 273, 1177, 290, 1173, 429, 238, 413, 0.9014086723327637, 0, 0.9999704360961914
277, 459, 948, 459, 948, 550, 277, 550, 0.9200528860092163, 0, 0.9999748468399048
670, 418, 1866, 395, 1869, 550, 673, 573, 0.9252716898918152, 0, 0.9999998807907104
793, 798, 1805, 790, 1805, 948, 793, 956, 0.8897947669029236, 0, 1.0
657, 1063, 1902, 1071, 1902, 1244, 657, 1236, 0.8194178342819214, 0, 1.0
632, 1445, 958, 1438, 958, 1499, 632, 1507, 0.9953046441078186, 0, 1.0
629, 1527, 1917, 1537, 1917, 1596, 629, 1586, 0.9107019901275635, 0, 0.9831244945526123
619, 1606, 1917, 1619, 1917, 1672, 619, 1660, 0.9271314740180969, 0, 0.9979878664016724
612, 1677, 1925, 1693, 1925, 1754, 612, 1739, 0.9478512406349182, 0, 0.9979643821716309
599, 1807, 1308, 1813, 1308, 1874, 599, 1869, 0.978891134262085, 0, 1.0
1277, 1823, 1940, 1838, 1940, 1889, 1277, 1874, 0.9598464965820312, 0, 0.9998236298561096
290, 2098, 1106, 2119, 1101, 2297, 285, 2277, 0.8205785155296326, 0, 0.867850661277771
1096, 2106, 2182, 2134, 2177, 2325, 1091, 2297, 0.914986252784729, 0, 0.551443874835968
1553, 302, 1812, 302, 1812, 411, 1553, 411, 0.8669030070304871, 0, 0.9999876022338867
661, 319, 947, 326, 944, 435, 658, 428, 0.9927942752838135, 0, 0.9936756491661072
151, 494, 2167, 435, 2175, 673, 159, 732, 0.9493005871772766, 0, 1.0
1250, 917, 1583, 894, 1659, 1948, 1327, 1971, 0.6777252554893494, 0, 0.9999998807907104
1629, 924, 1912, 914, 1952, 1958, 1669, 1968, 0.7465154528617859, 0, 1.0
1732, 1832, 1742, 1832, 1742, 1866, 1732, 1866, 0.0, 0, 0.5912781953811646
1520, 1941, 1792, 1954, 1789, 2026, 1516, 2012, 0.9459651112556458, 0, 0.9579083323478699
1363, 2070, 1949, 2094, 1945, 2162, 1360, 2138, 0.8865695595741272, 0, 0.9999969005584717
1367, 2169, 1935, 2186, 1935, 2257, 1367, 2240, 0.9276589751243591, 0, 1.0
780, 256, 868, 256, 868, 309, 780, 309, 0.8995836973190308, 0, 0.9947534799575806
489, 267, 742, 271, 742, 302, 489, 298, 0.8885507583618164, 0, 0.9974950551986694
928, 273, 993, 273, 993, 315, 928, 315, 0.0, 1, 0.6585150957107544
993, 271, 1098, 277, 1094, 332, 989, 326, 0.9919551610946655, 0, 0.8032892346382141
616, 323, 638, 323, 638, 348, 616, 348, 0.6424777507781982, 0, 0.8708722591400146
277, 399, 637, 406, 633, 559, 273, 551, 0.9974660873413086, 0, 0.9998507499694824
701, 456, 1074, 460, 1073, 547, 700, 543, 0.8771982192993164, 0, 1.0
313, 550, 594, 550, 594, 700, 313, 700, 0.966122031211853, 0, 0.9999462366104126
708, 556, 1076, 556, 1076, 644, 708, 644, 0.9877682328224182, 0, 0.9999998807907104
592, 747, 784, 740, 786, 806, 594, 812, 0.9817788004875183, 0, 0.9999985694885254
609, 851, 777, 851, 777, 953, 609, 953, 0.9840871095657349, 0, 0.9999966621398926
3958, 709, 4194, 709, 4194, 966, 3958, 966, 0.19065743684768677, 1, 0.9451212286949158
596, 735, 3383, 722, 3383, 1140, 596, 1153, 0.9953696131706238, 0, 1.0
3822, 1005, 4190, 1005, 4190, 1249, 3822, 1249, 0.9971429109573364, 1, 0.6929422616958618
3888, 1292, 4203, 1292, 4203, 1436, 3888, 1436, 0.7821031808853149, 0, 0.8686290383338928
710, 1305, 3475, 1288, 3475, 1410, 710, 1427, 0.9776086807250977, 0, 0.9999819993972778
425, 1340, 609, 1340, 609, 1401, 425, 1401, 0.9998282194137573, 1, 0.8912836313247681
341, 1392, 574, 1406, 574, 1453, 341, 1440, 0.9830405712127686, 0, 0.9934481978416443
319, 1436, 639, 1445, 639, 1493, 319, 1484, 0.921695351600647, 0, 0.9999170303344727
315, 1484, 604, 1501, 604, 1549, 315, 1532, 0.9119774103164673, 0, 0.9999203681945801
3879, 1484, 4107, 1484, 4107, 1649, 3879, 1649, 0.9573776721954346, 1, 0.6003277897834778
3467, 1954, 3664, 1941, 3668, 2006, 3471, 2019, 0.9684032201766968, 0, 0.984480619430542
3695, 1998, 3717, 1998, 3717, 2011, 3695, 2011, 0.0, 0, 0.5310822129249573
3454, 2111, 3804, 2128, 3804, 2176, 3454, 2159, 0.9839652180671692, 0, 1.0
1333, 1174, 1777, 1174, 1777, 1735, 1333, 1735, 0.9998582005500793, 0, 0.5558108687400818
119, 1380, 522, 1468, 491, 1608, 88, 1521, 0.16453143954277039, 1, 0.8224872946739197
2025, 1591, 2738, 1490, 2774, 1744, 2060, 1845, 0.5446039438247681, 0, 0.9867680668830872
97, 1608, 323, 1648, 305, 1762, 79, 1722, 0.5179458260536194, 1, 0.9951046705245972
2060, 1968, 2752, 1911, 2761, 2003, 2069, 2060, 0.8214786052703857, 1, 1.0
1449, 1990, 1777, 1990, 1777, 2423, 1449, 2423, 0.9724774956703186, 0, 0.801190197467804
1918, 2077, 2051, 2077, 2051, 2231, 1918, 2231, 0.0, 0, 0.6231614351272583
1896, 2274, 2087, 2274, 2087, 2340, 1896, 2340, 0.5226190090179443, 0, 0.6625406742095947
2193, 2283, 2761, 2283, 2761, 2437, 2193, 2437, 0.6557920575141907, 0, 0.9999998807907104
1918, 2327, 2051, 2327, 2051, 2388, 1918, 2388, 0.48216572403907776, 1, 0.5936817526817322
1910, 2393, 2065, 2393, 2065, 2441, 1910, 2441, 0.493373841047287, 0, 0.782036542892456
2105, 2445, 2774, 2480, 2769, 2568, 2100, 2533, 0.0, 1, 0.982205331325531
700, 2463, 740, 2454, 757, 2524, 717, 2533, 0.24972470104694366, 1, 0.8212265968322754
1936, 2463, 2038, 2463, 2038, 2511, 1936, 2511, 0.30760589241981506, 0, 0.9007232189178467
558, 2476, 598, 2480, 589, 2546, 549, 2542, 0.0, 0, 0.8052392601966858
1365, 2844, 1852, 2844, 1852, 3405, 1365, 3405, 0.9995577335357666, 0, 0.9999991655349731
1305, 550, 1652, 583, 1637, 739, 1290, 706, 0.0, 1, 0.5685641169548035
1869, 678, 1960, 693, 1953, 731, 1861, 716, 0.04336009547114372, 1, 0.6636268496513367
1430, 1369, 2091, 1333, 2129, 2062, 1468, 2098, 0.8569506406784058, 0, 0.9828509092330933
53, 1425, 831, 1287, 953, 1971, 175, 2108, 0.9997504949569702, 0, 0.9539270997047424
1048, 1509, 1366, 1509, 1366, 1887, 1048, 1887, 0.0, 0, 0.634569525718689
379, 2312, 1876, 2295, 1876, 2414, 379, 2432, 0.0, 1, 0.9812800884246826
103, 182, 474, 184, 474, 218, 103, 216, 0.9267676472663879, 0, 1.0
93, 235, 506, 234, 506, 269, 93, 270, 0.9470824003219604, 0, 1.0
94, 283, 506, 283, 506, 317, 94, 317, 0.9232066869735718, 0, 1.0
92, 328, 507, 328, 507, 365, 92, 365, 0.9601054191589355, 0, 1.0
91, 375, 464, 375, 464, 412, 91, 412, 0.8819005489349365, 0, 1.0
91, 422, 509, 422, 509, 462, 91, 462, 0.9537331461906433, 0, 1.0
90, 471, 466, 471, 466, 512, 90, 512, 0.9609096050262451, 0, 0.9999994039535522
139, 150, 697, 167, 690, 382, 132, 366, 0.8380160927772522, 0, 0.984921395778656
150, 231, 205, 240, 196, 297, 141, 288, 0.4216282367706299, 0, 0.6800866723060608
169, 386, 655, 400, 653, 468, 167, 454, 0.8631879687309265, 0, 0.6808289885520935
347, 552, 452, 552, 452, 595, 347, 595, 0.6882749199867249, 0, 0.9631057977676392
439, 556, 489, 562, 485, 594, 435, 588, 0.9618608951568604, 1, 0.8265610933303833
1447, 463, 1539, 463, 1545, 863, 1454, 863, 0.9403026103973389, 0, 0.9999837875366211
1588, 469, 1689, 469, 1689, 1143, 1588, 1143, 0.9307834506034851, 0, 1.0
352, 900, 1995, 863, 2005, 1244, 362, 1281, 0.9986703395843506, 0, 0.999030590057373
1340, 1281, 1998, 1275, 1998, 1356, 1340, 1363, 0.9098745584487915, 1, 0.5794746279716492
511, 1150, 1780, 1113, 1786, 1366, 518, 1403, 0.8940808176994324, 0, 1.0
1121, 1436, 1819, 1420, 1819, 1510, 1121, 1526, 0.9970573782920837, 0, 1.0
1842, 2013, 1963, 2013, 1963, 2116, 1842, 2116, 0.0, 0, 0.6818471550941467
1297, 2033, 1767, 2033, 1767, 2100, 1297, 2100, 0.7372629046440125, 1, 0.98691725730896
861, 438, 1523, 431, 1526, 778, 864, 785, 0.9972888231277466, 0, 1.0
858, 788, 1549, 781, 1553, 1125, 861, 1132, 0.925812840461731, 0, 0.9999998807907104
668, 1156, 1746, 1142, 1749, 1468, 671, 1482, 0.8462278842926025, 0, 0.999998927116394
1936, 766, 2188, 779, 2129, 1939, 1878, 1926, 0.9700830578804016, 1, 0.6984109282493591
420, 966, 3423, 888, 3436, 1305, 433, 1384, 0.915424644947052, 0, 1.0
394, 1453, 3467, 1388, 3471, 1536, 398, 1601, 0.919272243976593, 0, 1.0
15, 507, 617, 509, 617, 546, 15, 544, 0.9670735001564026, 0, 0.9999977350234985
12, 564, 598, 566, 598, 603, 12, 601, 0.7890485525131226, 0, 0.999992847442627
248, 52, 428, 52, 428, 77, 248, 77, 0.9762061238288879, 0, 0.9999998807907104
227, 120, 403, 120, 403, 134, 227, 134, 0.6178386807441711, 0, 0.9907993674278259
239, 144, 392, 145, 392, 158, 239, 157, 0.14394721388816833, 0, 0.9390026926994324
530, 141, 630, 138, 630, 161, 530, 164, 0.9928947687149048, 0, 0.9999996423721313
223, 159, 404, 161, 404, 175, 223, 173, 0.7475480437278748, 0, 1.0
228, 176, 397, 177, 397, 189, 228, 188, 0.761355996131897, 0, 0.9999988079071045
36, 561, 2220, 553, 2220, 891, 36, 899, 0.8546188473701477, 0, 0.9999984502792358
1383, 1109, 1590, 1117, 1590, 1156, 1383, 1148, 0.9604482650756836, 0, 1.0
844, 690, 1486, 666, 1493, 879, 851, 903, 0.9958999752998352, 0, 0.8628946542739868
958, 906, 1451, 926, 1447, 1033, 955, 1013, 0.7867666482925415, 1, 0.6178205013275146
1063, 1036, 1356, 1066, 1346, 1176, 1053, 1146, 0.46709561347961426, 0, 0.9891805052757263
592, 788, 2005, 764, 2008, 975, 595, 999, 0.981713593006134, 0, 1.0
971, 1037, 1493, 1023, 1493, 1105, 971, 1118, 0.9200900793075562, 0, 1.0
306, 1176, 2142, 1125, 2142, 1213, 306, 1264, 0.8892634510993958, 0, 0.9999995231628418
296, 1319, 1626, 1278, 1629, 1370, 299, 1411, 0.8938851356506348, 0, 1.0
286, 1455, 1639, 1411, 1643, 1502, 289, 1546, 0.9261154532432556, 0, 1.0
841, 1635, 1859, 1608, 1859, 1696, 841, 1723, 0.9163304567337036, 0, 1.0
3379, 352, 4072, 352, 4072, 661, 3379, 661, 0.9993058443069458, 0, 1.0
710, 422, 2305, 400, 2310, 670, 714, 692, 0.9520988464355469, 0, 1.0
372, 1407, 578, 1417, 575, 1489, 369, 1478, 0.9741910099983215, 0, 1.0
395, 1478, 592, 1495, 585, 1563, 389, 1546, 0.9898111820220947, 0, 1.0
462, 735, 2720, 675, 2730, 994, 472, 1054, 0.8981507420539856, 0, 0.9990953207015991
2, 22, 362, 6, 367, 137, 7, 154, 0.8481716513633728, 0, 0.9641794562339783
345, 55, 380, 55, 380, 80, 345, 80, 0.39221885800361633, 0, 0.7376970052719116
365, 74, 372, 74, 372, 85, 365, 85, 0.0, 1, 0.8220937848091125
48, 230, 344, 212, 348, 271, 52, 289, 0.8102417588233948, 1, 0.7179100513458252
135, 431, 512, 429, 512, 486, 135, 488, 0.8814978003501892, 0, 1.0
138, 511, 269, 509, 269, 526, 138, 528, 0.9008355140686035, 0, 0.9999998807907104
334, 507, 503, 506, 503, 523, 334, 524, 0.9471877217292786, 0, 1.0
91, 570, 115, 570, 115, 592, 91, 592, 0.6291374564170837, 0, 0.9701876044273376
142, 565, 444, 565, 444, 595, 142, 595, 0.8824699521064758, 0, 1.0
244, 1763, 1167, 1763, 1167, 1923, 244, 1923, 0.9796600341796875, 0, 0.9999998807907104
1186, 1923, 1998, 1923, 1998, 2073, 1186, 2073, 0.9355560541152954, 0, 1.0
1591, 2316, 2122, 2300, 2122, 2356, 1591, 2373, 0.9276800155639648, 0, 1.0
2132, 2340, 2158, 2340, 2158, 2373, 2132, 2373, 0.9961430430412292, 0, 0.6529397964477539
1591, 2380, 2122, 2356, 2126, 2413, 1594, 2436, 0.9542449116706848, 0, 0.9999997615814209
361, 813, 472, 793, 479, 836, 368, 853, 0.9858193397521973, 0, 0.9035345315933228
316, 1779, 1128, 1733, 1138, 1919, 326, 1966, 0.9929245710372925, 0, 0.9999955892562866
274, 70, 618, 97, 580, 567, 235, 539, 0.9980041980743408, 0, 0.8330264687538147
651, 201, 696, 201, 703, 592, 658, 592, 0.9915706515312195, 0, 0.9999992847442627
44, 211, 129, 211, 129, 366, 44, 366, 0.0, 0, 0.65695720911026
171, 207, 531, 214, 528, 337, 168, 329, 0.9906600117683411, 0, 0.9998094439506531
472, 357, 722, 362, 722, 397, 472, 393, 0.9519867300987244, 0, 1.0
120, 2253, 2279, 2303, 2272, 2610, 114, 2560, 0.9252889752388, 0, 0.9999998807907104
104, 288, 1059, 219, 1066, 320, 111, 389, 0.6774848103523254, 0, 0.6055426001548767
116, 322, 272, 322, 272, 354, 116, 354, 0.878069281578064, 0, 0.9999986886978149
56, 361, 330, 361, 330, 392, 56, 392, 0.9630295634269714, 0, 1.0
531, 1066, 743, 1056, 743, 1100, 531, 1110, 0.9747946858406067, 0, 0.9999979734420776
303, 1230, 671, 1213, 675, 1280, 306, 1296, 0.9244867563247681, 0, 0.999998927116394
352, 1679, 831, 1663, 834, 1733, 355, 1749, 0.992516040802002, 0, 1.0
264, 1806, 913, 1789, 913, 1856, 264, 1873, 0.9742435216903687, 0, 1.0
1561, 893, 2201, 893, 2201, 1019, 1561, 1019, 0.8691503405570984, 0, 0.9999997615814209
1565, 1030, 2011, 1036, 2011, 1103, 1565, 1096, 0.8566465377807617, 0, 0.9982505440711975
1561, 1100, 1796, 1106, 1796, 1176, 1561, 1170, 0.5455962419509888, 0, 0.9901898503303528
0, 2453, 2357, 2453, 2357, 3123, 0, 3123, 0.9866959452629089, 0, 1.0
378, 533, 1418, 593, 1408, 789, 368, 730, 0.9865404367446899, 0, 0.9978464841842651
1428, 663, 1998, 683, 1995, 786, 1425, 766, 0.924304187297821, 0, 1.0
1369, 889, 1382, 889, 1382, 933, 1369, 933, 0.0, 0, 0.5168634057044983
1359, 936, 1392, 936, 1392, 1033, 1359, 1033, 0.9637281894683838, 0, 0.7301586270332336
1406, 23, 1699, 23, 1699, 85, 1406, 85, 0.6650879979133606, 0, 0.8177480101585388
1549, 88, 1696, 88, 1696, 125, 1549, 125, 0.7641740441322327, 0, 0.9999982118606567
472, 125, 588, 125, 588, 173, 472, 173, 0.9914875626564026, 0, 0.9954848289489746
691, 244, 1493, 207, 1503, 401, 701, 438, 0.8806515336036682, 0, 0.9931402802467346
715, 499, 1506, 448, 1520, 639, 728, 690, 0.7767863273620605, 0, 1.0
1539, 798, 2009, 806, 2004, 952, 1535, 943, 0.9450161457061768, 0, 0.9999997615814209
996, 992, 1082, 996, 1053, 1689, 967, 1685, 0.6545604467391968, 0, 0.9998365640640259
2454, 1016, 2527, 1012, 2543, 1422, 2470, 1426, 0.8487889766693115, 0, 0.9999997615814209
1555, 1073, 1992, 1081, 1992, 1195, 1555, 1187, 0.7426717877388, 0, 0.9998490810394287
2151, 1762, 2392, 1742, 2405, 1887, 2164, 1908, 0.0, 1, 0.552402913570404
1942, 1523, 2038, 1523, 2038, 1546, 1942, 1546, 0.797577977180481, 0, 0.9449903964996338
3, 1577, 86, 1577, 86, 1614, 3, 1614, 0.9250856637954712, 0, 0.9735287427902222
76, 1577, 282, 1577, 282, 1614, 76, 1614, 0.9837285876274109, 0, 0.9999749660491943
272, 1580, 435, 1580, 435, 1614, 272, 1614, 0.8797733187675476, 0, 0.9998711347579956
914, 1580, 1589, 1591, 1589, 1686, 914, 1676, 0.9872584939002991, 0, 1.0
1569, 1614, 1673, 1614, 1673, 1665, 1569, 1665, 0.0, 0, 0.5648040771484375
1673, 1611, 1699, 1625, 1679, 1662, 1653, 1648, 0.10227714478969574, 0, 0.5397831797599792
29, 1621, 289, 1621, 289, 1655, 29, 1655, 0.9371893405914307, 0, 1.0
282, 1631, 345, 1631, 345, 1645, 282, 1645, 0.3808926045894623, 0, 0.6355324387550354
1566, 1625, 1579, 1625, 1579, 1652, 1566, 1652, 0.0, 0, 0.5672320127487183
76, 1659, 226, 1659, 226, 1693, 76, 1693, 0.9926746487617493, 0, 1.0
1975, 1696, 2075, 1696, 2075, 1733, 1975, 1733, 0.9886841773986816, 0, 0.996360719203949
1972, 1750, 2018, 1737, 2035, 1795, 1988, 1808, 0.0, 1, 0.5431747436523438
2175, 1808, 2251, 1808, 2251, 1835, 2175, 1835, 0.8240121006965637, 0, 0.9577558636665344
2105, 1903, 2298, 1903, 2298, 1941, 2105, 1941, 0.9840697050094604, 0, 1.0
1301, 1619, 3177, 1588, 3182, 1984, 1306, 2015, 0.9910726547241211, 0, 0.8583336472511292
1227, 313, 3401, 95, 3475, 822, 1301, 1040, 0.9836342334747314, 0, 0.9979717135429382
372, 635, 1012, 644, 1012, 761, 372, 753, 0.988255500793457, 0, 1.0
635, 787, 762, 787, 762, 831, 635, 831, 0.9328513145446777, 0, 0.9999990463256836
271, 827, 1117, 848, 1117, 940, 271, 918, 0.8380424380302429, 0, 0.9662120938301086
2844, 944, 3813, 2067, 3116, 2367, 2147, 1536, 0.0, 1, 0.6440991759300232
3015, 1345, 3116, 1349, 3107, 1588, 3006, 1584, 0.7670329809188843, 0, 1.0
3646, 1497, 3822, 1497, 3822, 1654, 3646, 1654, 0.876934289932251, 0, 0.7780348658561707
3633, 1675, 3782, 1675, 3782, 1810, 3633, 1810, 0.8319564461708069, 0, 0.7866740226745605
2380, 1745, 2498, 1745, 2498, 1841, 2380, 1841, 0.47845757007598877, 1, 0.9933695197105408
2349, 1841, 2472, 1841, 2472, 1871, 2349, 1871, 0.2207411378622055, 0, 0.7270098924636841
2467, 1841, 2480, 1841, 2480, 1863, 2467, 1863, 0.0, 0, 0.7487406134605408
2897, 2024, 2958, 2024, 2949, 2350, 2888, 2350, 0.9355126023292542, 1, 1.0
3625, 2111, 3795, 2111, 3795, 2263, 3625, 2263, 0.8078542351722717, 0, 0.9767648577690125
192, 2272, 394, 2241, 407, 2333, 206, 2363, 0.0, 0, 0.849477231502533
1284, 979, 2283, 935, 2301, 1297, 1301, 1340, 0.9956979751586914, 0, 0.9999998807907104
76, 289, 2441, 282, 2444, 1336, 79, 1343, 0.9983336329460144, 0, 0.9997847676277161
2138, 941, 2161, 941, 2161, 1013, 2138, 1013, 0.0, 0, 0.5251464247703552
22, 630, 1154, 756, 1128, 1009, 0, 883, 0.9368168115615845, 0, 0.9999861717224121
2054, 1246, 2142, 1246, 2142, 1270, 2054, 1270, 0.0, 0, 0.7653505802154541
78, 1316, 394, 1316, 394, 1639, 78, 1639, 0.6154283285140991, 0, 0.5693367123603821
1114, 764, 1396, 764, 1396, 999, 1114, 999, 0.6530681252479553, 0, 0.9999681711196899
951, 1081, 1530, 1091, 1526, 1234, 947, 1224, 0.9072304964065552, 0, 1.0
1077, 1937, 1320, 1917, 1337, 2121, 1094, 2142, 0.9015564322471619, 0, 0.9695689678192139
558, 2240, 1812, 2162, 1819, 2274, 565, 2352, 0.8882181644439697, 0, 1.0
461, 20, 553, 11, 556, 40, 464, 49, 0.8016693592071533, 0, 0.9485254287719727
977, 45, 1258, 11, 1273, 126, 992, 160, 0.6862548589706421, 0, 0.7803112268447876
34, 58, 972, 7, 985, 250, 48, 301, 0.9021270275115967, 0, 1.0
926, 62, 1002, 62, 1002, 146, 926, 146, 0.0, 0, 0.579326868057251
299, 815, 1531, 748, 1540, 908, 308, 975, 0.981438398361206, 0, 1.0
296, 1103, 1405, 1019, 1416, 1193, 308, 1276, 0.8240906596183777, 0, 0.999992847442627
274, 683, 1768, 670, 1772, 1008, 279, 1021, 0.9858697652816772, 0, 1.0
270, 1056, 1670, 1043, 1670, 1130, 270, 1144, 0.9107332825660706, 0, 0.9999982118606567
2060, 1911, 2583, 1889, 2588, 2029, 2065, 2051, 0.9815528988838196, 0, 1.0
2069, 2068, 2592, 2051, 2592, 2108, 2069, 2125, 0.9786252379417419, 1, 0.5189955830574036
1214, 2498, 1440, 2480, 1444, 2542, 1218, 2559, 0.8875555992126465, 0, 0.9997299313545227
1227, 2551, 1378, 2551, 1378, 2612, 1227, 2612, 0.8972827792167664, 0, 0.9999862909317017
899, 2621, 975, 2603, 983, 2643, 908, 2660, 0.5577825307846069, 0, 0.9140045642852783
1232, 2621, 1271, 2616, 1271, 2630, 1232, 2634, 0.0, 0, 0.7498822212219238
1209, 2651, 1409, 2651, 1409, 2695, 1209, 2695, 0.8684310913085938, 0, 0.9945481419563293
709, 3252, 988, 3252, 988, 3401, 709, 3401, 0.7756838798522949, 0, 1.0
669, 3414, 966, 3414, 966, 3475, 669, 3475, 0.8692720532417297, 0, 0.951850175857544
661, 2190, 1454, 2150, 1464, 2336, 671, 2376, 0.6512277126312256, 0, 1.0
1555, 2236, 2148, 2206, 2152, 2300, 1558, 2330, 0.790316104888916, 0, 1.0
34, 39, 261, 55, 257, 105, 30, 90, 0.6690825819969177, 0, 0.9999974966049194
28, 106, 252, 124, 250, 150, 26, 133, 0.9350794553756714, 0, 1.0
156, 200, 168, 200, 168, 219, 156, 219, 0.0, 0, 0.50167316198349
202, 199, 271, 208, 267, 237, 198, 228, 0.9688799381256104, 0, 0.9976044297218323
197, 227, 270, 233, 267, 262, 194, 255, 0.8689308166503906, 0, 0.9999929666519165
279, 300, 289, 300, 289, 311, 279, 311, 0.06193908303976059, 1, 0.6274663805961609
279, 311, 288, 311, 288, 322, 279, 322, 0.0, 0, 0.9765545129776001
274, 323, 309, 326, 308, 336, 273, 333, 0.19231989979743958, 0, 0.8640716671943665
332, 1387, 774, 1377, 774, 1458, 332, 1468, 0.7724858522415161, 0, 0.9948352575302124
365, 1478, 545, 1478, 545, 1516, 365, 1516, 0.331612765789032, 1, 0.5433350205421448
1134, 275, 1180, 275, 1180, 404, 1134, 404, 0.805793285369873, 0, 0.7102417349815369
937, 731, 1842, 717, 1845, 992, 941, 1006, 0.9981693029403687, 0, 1.0
1250, 1060, 1679, 1060, 1679, 1326, 1250, 1326, 0.9879893064498901, 0, 0.9006100296974182
944, 1064, 1343, 1064, 1343, 1298, 944, 1298, 0.9992146492004395, 0, 0.9999997615814209
1599, 1060, 1789, 1060, 1789, 1281, 1599, 1281, 0.9945089221000671, 0, 0.9996950626373291
1317, 2670, 1914, 2686, 1910, 2793, 1314, 2776, 0.9981475472450256, 0, 0.9999986886978149
1317, 2796, 1646, 2796, 1646, 2916, 1317, 2916, 0.9976134896278381, 0, 0.8806502819061279
203, 325, 906, 321, 906, 389, 203, 393, 0.9754638671875, 0, 0.9999818801879883
150, 97, 249, 94, 253, 217, 155, 220, 0.9941542148590088, 0, 0.9971323013305664
177, 240, 238, 240, 238, 280, 177, 280, 0.0, 1, 0.5262163281440735
106, 433, 414, 429, 415, 480, 107, 484, 0.7654308080673218, 0, 0.9997113347053528
1120, 558, 1719, 595, 1708, 793, 1108, 757, 0.8428196907043457, 0, 0.9999997615814209
355, 1131, 523, 1131, 523, 1201, 355, 1201, 0.9956625699996948, 0, 0.999478280544281
43, 290, 153, 290, 153, 351, 43, 351, 0.7514936923980713, 0, 0.8724526762962341
15, 303, 56, 303, 56, 336, 15, 336, 0.0, 0, 0.5235457420349121
66, 369, 132, 369, 132, 425, 66, 425, 0.7415975332260132, 1, 0.8003772497177124
369, 1275, 1501, 1333, 1494, 1453, 362, 1394, 0.9239874482154846, 0, 0.9999992847442627
296, 1609, 2207, 1599, 2207, 1779, 296, 1789, 0.7664390206336975, 0, 1.0
538, 2220, 1294, 2220, 1294, 2433, 538, 2433, 0.9704278707504272, 0, 0.9953309893608093
694, 2566, 1438, 2566, 1438, 2803, 694, 2803, 0.9645253419876099, 0, 0.9989076852798462
896, 2956, 1757, 2963, 1757, 3186, 896, 3179, 0.541751503944397, 0, 0.9978076815605164
313, 163, 469, 163, 479, 1403, 322, 1403, 0.6840205192565918, 1, 0.7117985486984253
384, 1766, 528, 1766, 538, 3020, 394, 3020, 0.6721104979515076, 0, 0.8533449769020081
1233, 499, 1440, 503, 1413, 1978, 1207, 1975, 0.929794192314148, 0, 1.0
1579, 533, 1669, 506, 1692, 588, 1606, 615, 0.8395724296569824, 0, 0.8928582668304443
1589, 635, 1679, 635, 1679, 707, 1589, 707, 0.0, 1, 0.7339727878570557
1619, 635, 1659, 635, 1659, 649, 1619, 649, 0.0, 0, 0.7588403224945068
1533, 656, 1716, 656, 1706, 1971, 1523, 1971, 0.9191895127296448, 0, 1.0
1829, 659, 2035, 659, 2045, 2016, 1839, 2016, 0.9571651220321655, 0, 1.0
1674, 669, 3344, 567, 3375, 1050, 1705, 1152, 0.9915614128112793, 0, 0.99985671043396
1648, 1196, 3379, 1125, 3388, 1338, 1656, 1409, 0.9447550177574158, 0, 0.9999772310256958
1673, 1128, 1972, 1128, 1972, 1210, 1673, 1210, 0.8458538055419922, 0, 0.9997379183769226
1719, 1227, 1935, 1227, 1935, 1264, 1719, 1264, 0.0, 0, 0.6765938401222229
355, 1275, 1702, 1281, 1702, 1638, 355, 1631, 0.9024603366851807, 0, 1.0
774, 1652, 1686, 1669, 1682, 1859, 771, 1842, 0.9974697828292847, 0, 1.0
345, 1665, 771, 1682, 768, 1778, 342, 1761, 0.9672285914421082, 0, 1.0
848, 1982, 1393, 1992, 1393, 2077, 848, 2067, 0.8816001415252686, 0, 0.9999998807907104
1370, 2005, 1949, 2022, 1949, 2080, 1370, 2063, 0.9696922898292542, 0, 1.0
1131, 1480, 1464, 1446, 1473, 1530, 1141, 1563, 0.7737408876419067, 0, 1.0
257, 1746, 2139, 1629, 2161, 2046, 280, 2163, 0.9461829662322998, 0, 0.9999967813491821
1773, 2153, 2354, 2130, 2354, 2186, 1773, 2210, 0.16642911732196808, 1, 0.9924343824386597
19, 2233, 567, 2203, 570, 2250, 22, 2280, 0.16103442013263702, 1, 0.9721469879150391
96, 1445, 2055, 1411, 2058, 1594, 99, 1628, 0.9318181872367859, 0, 1.0
49, 1727, 2115, 1665, 2118, 1805, 53, 1866, 0.9444906711578369, 0, 0.9999855756759644
727, 946, 2490, 933, 2494, 1517, 731, 1530, 0.9941978454589844, 0, 0.9999707937240601
799, 1634, 2528, 1621, 2528, 1737, 799, 1750, 0.9187886714935303, 0, 1.0
811, 1793, 2507, 1780, 2507, 1883, 811, 1896, 0.967880129814148, 0, 0.9999942779541016
811, 1939, 2498, 1917, 2498, 2033, 811, 2055, 0.9973250031471252, 0, 1.0
824, 2076, 2498, 2055, 2498, 2171, 824, 2193, 0.9122982025146484, 0, 1.0
988, 2343, 2023, 2309, 2031, 2532, 996, 2567, 0.0, 1, 0.8425414562225342
1998, 2365, 2296, 2365, 2296, 2511, 1998, 2511, 0.24542231857776642, 0, 0.7964158654212952
778, 2653, 1998, 2644, 1998, 2777, 778, 2786, 0.9186792373657227, 0, 1.0
2443, 2721, 2523, 2721, 2523, 2803, 2443, 2803, 0.0, 0, 0.6744096875190735
790, 2816, 2486, 2773, 2486, 2893, 790, 2936, 0.910670280456543, 0, 1.0
807, 2945, 1850, 2928, 1850, 3031, 807, 3048, 0.9058800339698792, 0, 1.0
2380, 2988, 2427, 3005, 2414, 3040, 2368, 3022, 0.0, 0, 0.6946016550064087
1131, 3022, 1236, 3040, 1228, 3083, 1123, 3065, 0.0, 0, 0.5212257504463196
1051, 3083, 1169, 3083, 1169, 3130, 1051, 3130, 0.0, 1, 0.5342105031013489
349, 3366, 795, 3358, 799, 3577, 353, 3586, 0.43558359146118164, 0, 0.5892696976661682
803, 3474, 942, 3474, 942, 3534, 803, 3534, 0.3654683828353882, 0, 0.9795290231704712
235, 32, 611, 32, 611, 70, 235, 70, 0.9608178734779358, 0, 1.0
155, 104, 192, 104, 192, 359, 155, 359, 0.9252922534942627, 0, 1.0
536, 116, 555, 116, 555, 135, 536, 135, 0.0, 0, 0.7059068083763123
410, 225, 443, 225, 443, 267, 410, 267, 0.18711921572685242, 1, 0.5065369606018066
137, 591, 538, 591, 538, 631, 137, 631, 0.9279841184616089, 0, 1.0
1753, 696, 2450, 696, 2450, 896, 1753, 896, 0.9851034879684448, 0, 0.9999998807907104
854, 787, 1385, 757, 1389, 848, 859, 879, 0.46726545691490173, 0, 0.9956062436103821
1854, 909, 2310, 914, 2310, 975, 1854, 970, 0.8946115374565125, 0, 0.9999977350234985
5, 144, 104, 144, 104, 178, 5, 178, 0.9961872100830078, 0, 1.0
766, 640, 2047, 646, 2047, 899, 766, 893, 0.9678683876991272, 0, 0.9999996423721313
909, 1250, 1819, 1283, 1816, 1373, 906, 1340, 0.20422914624214172, 0, 0.8710816502571106
414, 1506, 616, 1506, 616, 1566, 414, 1566, 0.9978053569793701, 0, 0.9999605417251587
2055, 1142, 2085, 1142, 2085, 1169, 2055, 1169, 0.05921071767807007, 1, 0.7263243794441223
2008, 1159, 2115, 1145, 2151, 1434, 2045, 1448, 0.6836417317390442, 1, 0.8835261464118958
2181, 2295, 2271, 2295, 2271, 2346, 2181, 2346, 0.5609848499298096, 0, 0.9309940934181213
1033, 1237, 2138, 1243, 2138, 1476, 1033, 1470, 0.9759209156036377, 0, 1.0
1669, 1476, 2159, 1503, 2152, 1633, 1662, 1606, 0.9069520831108093, 0, 0.9999902248382568
2427, 1712, 2737, 1686, 2805, 2418, 2495, 2444, 0.9801971912384033, 0, 0.9998594522476196
378, 58, 428, 57, 434, 400, 384, 401, 0.8725939989089966, 0, 1.0
1126, 700, 2669, 674, 2673, 931, 1130, 957, 0.9887335896492004, 0, 0.9973956346511841
705, 1049, 3015, 1005, 3020, 1227, 710, 1271, 0.8729833364486694, 0, 1.0
609, 1353, 3120, 1314, 3120, 1462, 609, 1501, 0.7089386582374573, 0, 0.999158501625061
561, 1575, 3186, 1545, 3186, 1732, 561, 1762, 0.907590389251709, 0, 1.0
994, 938, 1599, 870, 1613, 1016, 1007, 1084, 0.9919320940971375, 0, 1.0
1749, 1054, 2241, 1023, 2251, 1156, 1759, 1186, 0.9918608665466309, 0, 1.0
1759, 1183, 2245, 1162, 2248, 1224, 1759, 1244, 0.972155749797821, 0, 0.9999853372573853
1174, 1193, 1589, 1159, 1603, 1319, 1187, 1353, 0.9942283630371094, 0, 0.999975323677063
1772, 1292, 2018, 1292, 2018, 1451, 1772, 1451, 0.22934949398040771, 0, 0.686008870601654
1110, 1421, 1633, 1380, 1646, 1536, 1124, 1577, 0.9762623906135559, 0, 1.0
1024, 1458, 1160, 1441, 1170, 1536, 1034, 1553, 0.3159785866737366, 0, 0.9364833831787109
1816, 1492, 2158, 1482, 2161, 1577, 1819, 1587, 0.9268702864646912, 0, 1.0
1170, 1628, 1599, 1601, 1609, 1764, 1180, 1791, 0.9883360862731934, 0, 0.9999823570251465
1144, 1808, 1636, 1781, 1646, 1941, 1154, 1968, 0.9971237182617188, 0, 1.0
163, 119, 217, 122, 184, 662, 131, 659, 0.9285920858383179, 1, 1.0
456, 180, 496, 183, 470, 633, 431, 630, 0.8923407793045044, 1, 1.0
291, 224, 374, 228, 357, 574, 274, 570, 0.9870441555976868, 1, 1.0
420, 1026, 515, 1026, 515, 1060, 420, 1060, 0.0, 1, 0.9250468611717224
94, 1160, 1134, 1166, 1134, 1270, 94, 1263, 0.7527683973312378, 0, 0.9998894929885864
600, 620, 1252, 636, 1213, 2336, 560, 2320, 0.9410797953605652, 0, 0.9951701760292053
1027, 2330, 1248, 2333, 1239, 2900, 1017, 2896, 0.848869264125824, 0, 0.9999998807907104
518, 1380, 1430, 1407, 1426, 1492, 515, 1465, 0.9560241103172302, 0, 1.0
555, 1485, 678, 1485, 678, 1553, 555, 1553, 0.7557343244552612, 0, 0.8295766115188599
1297, 1502, 1406, 1495, 1410, 1557, 1300, 1563, 0.894730806350708, 0, 0.9976269602775574
768, 1512, 864, 1512, 864, 1580, 768, 1580, 0.986924409866333, 0, 0.9999594688415527
1140, 1512, 1224, 1512, 1224, 1584, 1140, 1584, 0.8939396739006042, 0, 0.9994503855705261
575, 1560, 661, 1560, 661, 1597, 575, 1597, 0.9111250042915344, 0, 0.8640267848968506
1313, 1570, 1403, 1570, 1403, 1608, 1313, 1608, 0.9933095574378967, 0, 0.9897448420524597
858, 1795, 1290, 1876, 1227, 2227, 794, 2145, 0.3831503987312317, 1, 0.546786367893219
1619, 1958, 1692, 1948, 1699, 1992, 1623, 2005, 0.0, 0, 0.6011124849319458
462, 363, 1859, 380, 1855, 581, 458, 564, 0.9191175103187561, 0, 0.9999361038208008
2015, 387, 2191, 387, 2191, 550, 2015, 550, 0.5507432222366333, 0, 0.7590078711509705
432, 1088, 1586, 1105, 1583, 1292, 429, 1275, 0.8900986909866333, 0, 0.8785704374313354
449, 1788, 1396, 1788, 1396, 1975, 449, 1975, 0.942071259021759, 0, 0.9884428381919861
425, 2519, 1566, 2509, 1566, 2696, 425, 2706, 0.9742780923843384, 0, 0.9992480874061584
342, 543, 968, 520, 971, 586, 345, 610, 0.9828607439994812, 0, 1.0
48, 926, 671, 903, 675, 993, 52, 1016, 0.9606384038925171, 0, 1.0
802, 926, 968, 916, 971, 973, 805, 983, 0.9721331596374512, 0, 0.9723439812660217
176, 669, 477, 669, 477, 714, 176, 714, 0.9543198943138123, 0, 0.9997567534446716
176, 732, 482, 732, 482, 777, 176, 777, 0.9051945805549622, 0, 0.996302604675293
592, 1092, 602, 1092, 602, 1097, 592, 1097, 0.4360136091709137, 1, 0.8155835270881653
1288, 116, 1832, 140, 1829, 243, 1284, 219, 0.9594968557357788, 0, 0.7938835620880127
1992, 160, 2386, 199, 2377, 283, 1982, 243, 0.8713518381118774, 0, 0.9684069156646729
1082, 1323, 1385, 1333, 1382, 1413, 1079, 1403, 0.9333882927894592, 0, 0.9999998807907104
1138, 1433, 1444, 1450, 1441, 1530, 1134, 1513, 0.9718176126480103, 0, 1.0
29, 137, 171, 137, 171, 161, 29, 161, 0.9927312731742859, 0, 1.0
26, 166, 173, 166, 173, 193, 26, 193, 0.9242193102836609, 0, 0.9999998807907104
502, 516, 1001, 530, 978, 1503, 479, 1490, 0.9817496538162231, 0, 0.884013295173645
1233, 1060, 1962, 1111, 1952, 1275, 1224, 1224, 0.0, 0, 0.9549845457077026
1446, 1516, 1599, 1523, 1599, 1570, 1446, 1563, 0.8139657378196716, 0, 0.9985828399658203
1430, 1580, 1496, 1584, 1480, 1937, 1413, 1934, 0.6755236387252808, 0, 0.7873263359069824
1539, 1597, 1596, 1601, 1583, 1927, 1526, 1924, 0.8595579862594604, 1, 0.6438460350036621
137, 6, 405, 8, 404, 124, 136, 122, 0.9971555471420288, 0, 0.9979887008666992
125, 182, 421, 182, 421, 277, 125, 277, 0.9987133145332336, 0, 1.0
46, 319, 548, 319, 548, 410, 46, 410, 0.9863020777702332, 0, 1.0
10, 453, 603, 456, 603, 540, 10, 538, 0.8902610540390015, 0, 1.0
1288, 1756, 1969, 1729, 1972, 1859, 1291, 1886, 0.7174437046051025, 0, 0.9988967180252075
1183, 1836, 1288, 1809, 1304, 1879, 1200, 1906, 0.9399530291557312, 0, 0.7842152714729309
1310, 1863, 1891, 1843, 1894, 1913, 1314, 1933, 0.1546243280172348, 1, 0.9738830924034119
1040, 1509, 2443, 1460, 2453, 1676, 1050, 1725, 0.8999117016792297, 0, 1.0
1009, 1744, 2506, 1685, 2516, 1920, 1019, 1979, 0.9222559928894043, 0, 0.9999997615814209
1036, 1330, 1304, 1340, 1304, 1383, 1036, 1373, 0.9585071206092834, 0, 1.0
1108, 1403, 1222, 1403, 1222, 1450, 1108, 1450, 0.9981809258460999, 0, 0.9936263561248779
1433, 0, 2215, 0, 2215, 136, 1433, 129, 0.6459338068962097, 0, 0.96382075548172
1114, 50, 2058, 170, 2052, 227, 1107, 108, 0.9216744899749756, 0, 0.999812662601471
1024, 703, 1623, 751, 1613, 866, 1014, 819, 0.8523073196411133, 0, 0.6475400328636169
495, 731, 705, 747, 701, 798, 492, 781, 0.624114453792572, 1, 0.9997351765632629
568, 798, 625, 798, 625, 812, 568, 812, 0.7097070217132568, 1, 0.5096279382705688
1057, 832, 1556, 870, 1549, 955, 1051, 917, 0.8400986790657043, 0, 1.0
545, 880, 705, 890, 701, 938, 542, 928, 0.0, 0, 0.9873630404472351
2042, 1934, 2195, 1934, 2195, 1995, 2042, 1995, 0.6259172558784485, 1, 0.843808114528656
1273, 2189, 1756, 2179, 1756, 2227, 1273, 2237, 0.9879544377326965, 0, 1.0
432, 3059, 661, 3032, 668, 3097, 439, 3124, 0.2569013833999634, 1, 0.7505643963813782
1615, 1178, 2456, 1156, 2460, 1350, 1619, 1371, 0.932724118232727, 0, 0.9864326119422913
1627, 1505, 2633, 1474, 2637, 1625, 1632, 1655, 0.9237955808639526, 0, 0.9503822922706604
1522, 1823, 2443, 1668, 2481, 1896, 1560, 2051, 0.9649596214294434, 0, 0.9811423420906067
96, 2304, 1152, 2227, 1169, 2438, 113, 2515, 0.9511402249336243, 0, 0.9989583492279053
229, 592, 2671, 553, 2674, 801, 232, 841, 0.7560883164405823, 0, 0.9993175268173218
2525, 832, 2643, 810, 2671, 961, 2553, 983, 0.9994165301322937, 0, 0.9536932706832886
204, 885, 1668, 863, 1671, 1045, 207, 1067, 0.9408701658248901, 0, 1.0
1713, 902, 2329, 891, 2332, 994, 1716, 1005, 0.9089557528495789, 0, 1.0
2609, 977, 2668, 977, 2668, 1031, 2609, 1031, 0.9986377954483032, 0, 0.8616518378257751
2427, 1114, 2606, 1114, 2606, 1162, 2427, 1162, 0.9294763207435608, 0, 0.9933432340621948
51, 235, 944, 233, 944, 339, 51, 341, 0.8917096257209778, 0, 1.0
8, 350, 309, 352, 309, 402, 8, 400, 0.9866312146186829, 0, 0.9999781847000122
496, 352, 677, 352, 677, 400, 496, 400, 0.9942723512649536, 0, 1.0
830, 348, 997, 346, 998, 397, 831, 399, 0.995175838470459, 0, 0.9999829530715942
478, 572, 514, 572, 514, 591, 478, 591, 0.9960089325904846, 0, 0.9697801470756531
1976, 793, 2096, 793, 2096, 1070, 1976, 1070, 0.10528222471475601, 1, 0.8176992535591125
802, 2240, 864, 2246, 860, 2270, 798, 2263, 0.6251540184020996, 1, 0.8277420997619629
927, 1091, 1716, 1050, 1726, 1217, 937, 1258, 0.8712074160575867, 0, 1.0
182, 171, 207, 171, 207, 193, 182, 193, 0.5588662624359131, 1, 0.5102943778038025
194, 223, 595, 236, 592, 325, 191, 312, 0.9011741876602173, 0, 1.0
170, 341, 198, 341, 198, 369, 170, 369, 0.3222185969352722, 0, 0.6998622417449951
579, 350, 614, 350, 614, 385, 579, 385, 0.8161536455154419, 0, 0.7626987099647522
100, 29, 457, 29, 457, 81, 100, 81, 0.9771531224250793, 0, 1.0
43, 44, 81, 44, 81, 73, 43, 73, 0.0, 1, 0.5912830829620361
102, 94, 257, 94, 257, 152, 102, 152, 0.8401803374290466, 0, 0.9468993544578552
991, 749, 1246, 739, 1249, 793, 994, 803, 0.9946972727775574, 0, 1.0
930, 826, 1297, 808, 1300, 861, 933, 879, 0.9902251958847046, 0, 1.0
943, 897, 1292, 877, 1295, 915, 946, 935, 0.9239170551300049, 0, 1.0
46, 1516, 2381, 1543, 2378, 1771, 43, 1744, 0.8831402063369751, 0, 0.9993364214897156
76, 1914, 2358, 1951, 2354, 2169, 73, 2131, 0.9595885872840881, 0, 1.0
2536, 743, 2770, 727, 2823, 1496, 2590, 1513, 0.8426690101623535, 0, 0.9534220099449158
1164, 1203, 1369, 1240, 1297, 1669, 1092, 1633, 0.22407908737659454, 1, 0.9288078546524048
1376, 1206, 2122, 1216, 2122, 1293, 1376, 1283, 0.9233822226524353, 0, 0.9999992847442627
547, 2423, 838, 2406, 844, 2516, 554, 2533, 0.562852144241333, 1, 0.8568494915962219
202, 2460, 368, 2460, 368, 2533, 202, 2533, 0.2762375473976135, 1, 0.966133177280426
183, 120, 395, 116, 396, 153, 184, 157, 0.9333146810531616, 0, 0.9999995231628418
435, 138, 447, 138, 447, 145, 435, 145, 0.0, 0, 0.6853948831558228
335, 49, 414, 63, 408, 101, 330, 87, 0.6880812048912048, 0, 0.9996128678321838
343, 81, 398, 90, 396, 102, 341, 93, 0.2711753249168396, 0, 0.9664080142974854
330, 134, 335, 134, 335, 143, 330, 143, 0.0, 0, 0.604894757270813
364, 126, 388, 126, 390, 229, 366, 229, 0.45587262511253357, 1, 0.8666069507598877
221, 220, 247, 220, 249, 449, 223, 449, 0.2303701639175415, 0, 0.6634418368339539
368, 223, 389, 222, 391, 288, 370, 289, 0.46511515974998474, 1, 0.8841812610626221
373, 297, 386, 297, 386, 315, 373, 315, 0.0, 0, 0.7588322162628174
372, 310, 388, 310, 388, 333, 372, 333, 0.045345552265644073, 0, 0.7348344326019287
144, 515, 209, 513, 209, 532, 144, 534, 0.4861363172531128, 0, 0.9993805885314941
1617, 1136, 2498, 1136, 2498, 1558, 1617, 1558, 0.9992442727088928, 0, 1.0
175, 42, 497, 42, 497, 113, 175, 113, 0.9973640441894531, 0, 0.9997335076332092
138, 146, 151, 146, 151, 159, 138, 159, 0.0, 1, 0.556209146976471
522, 144, 541, 144, 541, 161, 522, 161, 0.06921382248401642, 0, 0.5752871036529541
610, 258, 637, 258, 637, 279, 610, 279, 0.049897052347660065, 1, 0.6536992192268372
45, 269, 55, 275, 50, 283, 40, 276, 0.0, 1, 0.663760781288147
183, 582, 199, 582, 199, 596, 183, 596, 0.14952285587787628, 1, 0.893185019493103
5, 210, 251, 210, 251, 231, 5, 231, 0.9303962588310242, 0, 1.0
5, 8, 42, 4, 48, 61, 11, 65, 0.6485286355018616, 0, 0.9913854598999023
17, 59, 35, 59, 35, 102, 17, 102, 0.0, 1, 0.6562395095825195
12, 141, 45, 141, 45, 186, 12, 186, 0.9981151223182678, 0, 0.9147684574127197
26, 976, 942, 949, 978, 2203, 61, 2230, 0.3812081217765808, 1, 0.5387322902679443
123, 2170, 1102, 2453, 955, 2983, 0, 2700, 0.9470140337944031, 0, 0.8820262551307678
877, 2586, 1304, 2726, 1209, 3033, 782, 2896, 0.4939660429954529, 0, 0.8048051595687866
196, 1152, 252, 1152, 252, 1162, 196, 1162, 0.0, 0, 0.7428143620491028
16, 1200, 1280, 1230, 1277, 1383, 13, 1353, 0.9708065390586853, 0, 0.9999958276748657
282, 1431, 987, 1445, 984, 1597, 279, 1584, 0.9827272891998291, 0, 1.0
1014, 1139, 1117, 1142, 1090, 1886, 987, 1883, 0.9246506094932556, 0, 1.0
72, 542, 319, 519, 327, 611, 81, 634, 0.9094470143318176, 0, 0.8860649466514587
182, 670, 2072, 550, 2088, 796, 198, 916, 0.9471715688705444, 0, 1.0
1545, 871, 2312, 835, 2321, 972, 1554, 1008, 0.9737141728401184, 0, 1.0
1103, 1316, 1215, 1316, 1215, 1497, 1103, 1497, 0.8233692049980164, 0, 0.9983022212982178
256, 278, 783, 272, 784, 347, 257, 353, 0.7735166549682617, 0, 1.0
540, 1819, 2428, 1805, 2428, 2016, 540, 2029, 0.8992312550544739, 0, 0.9999971389770508
1333, 3191, 1790, 3191, 1790, 3265, 1333, 3265, 0.6067344546318054, 0, 0.9939716458320618
5, 12, 102, 12, 102, 30, 5, 30, 0.9894452691078186, 0, 1.0
75, 234, 148, 234, 148, 245, 75, 245, 0.6508142352104187, 0, 0.9959195852279663
641, 580, 925, 590, 920, 716, 636, 705, 0.22630691528320312, 1, 0.8383824229240417
508, 717, 1098, 710, 1100, 851, 509, 858, 0.6814455389976501, 0, 0.9614646434783936
701, 884, 729, 888, 726, 902, 700, 900, 0.0, 0, 0.8054109811782837
864, 934, 1576, 928, 1576, 999, 864, 1006, 0.9562073349952698, 0, 1.0
858, 1016, 1549, 1009, 1549, 1077, 858, 1084, 0.9555811285972595, 0, 1.0
858, 1210, 1167, 1210, 1167, 1295, 858, 1295, 0.899074375629425, 0, 1.0
1433, 1207, 1573, 1193, 1583, 1285, 1440, 1298, 0.8685830235481262, 0, 0.9987554550170898
1556, 1220, 1623, 1210, 1643, 1336, 1576, 1346, 0.333903044462204, 1, 0.5596246123313904
858, 1309, 1386, 1309, 1386, 1366, 858, 1366, 0.9432343244552612, 0, 1.0
854, 1478, 1104, 1478, 1104, 1563, 854, 1563, 0.9974169135093689, 0, 1.0
1436, 1472, 1596, 1472, 1596, 1560, 1436, 1560, 0.7925232648849487, 0, 0.9999847412109375
1566, 1485, 1629, 1485, 1629, 1611, 1566, 1611, 0.283281534910202, 0, 0.8011808395385742
854, 1570, 1160, 1570, 1160, 1628, 854, 1628, 0.9020198583602905, 0, 1.0
874, 1791, 1373, 1791, 1373, 1863, 874, 1863, 0.9283004403114319, 0, 1.0
1483, 1788, 1649, 1788, 1649, 1866, 1483, 1866, 0.8193058371543884, 0, 0.9999955892562866
861, 1880, 1257, 1886, 1257, 1948, 861, 1941, 0.9464083313941956, 0, 1.0
1712, 1934, 1835, 1934, 1835, 1971, 1712, 1971, 0.994878888130188, 0, 1.0
1739, 1978, 1809, 1978, 1809, 2026, 1739, 2026, 0.0, 1, 0.5842927694320679
1147, 2036, 1543, 2029, 1543, 2111, 1147, 2118, 0.9854520559310913, 0, 1.0
871, 2057, 1014, 2057, 1014, 2237, 871, 2237, 0.9800734519958496, 0, 0.9951594471931458
1061, 2063, 1100, 2063, 1100, 2114, 1061, 2114, 0.9039705395698547, 0, 0.8098644018173218
1217, 2114, 1267, 2114, 1267, 2138, 1217, 2138, 0.9930019378662109, 0, 0.9843495488166809
1280, 2121, 1303, 2121, 1303, 2131, 1280, 2131, 0.0, 0, 0.6156319379806519
1150, 2142, 1546, 2131, 1546, 2213, 1150, 2223, 0.8647850155830383, 0, 1.0
2118, 2135, 2398, 2118, 2401, 2189, 2122, 2206, 0.5403421521186829, 0, 0.886174738407135
0, 2213, 176, 2206, 179, 2284, 3, 2291, 0.9876777529716492, 0, 0.999561607837677
369, 2206, 425, 2206, 425, 2220, 369, 2220, 0.0, 1, 0.8865670561790466
1390, 2216, 1496, 2216, 1496, 2250, 1390, 2250, 0.8236850500106812, 0, 0.9919551014900208
1227, 2230, 1330, 2230, 1330, 2244, 1227, 2244, 0.8333598375320435, 0, 0.9432191252708435
191, 239, 1300, 367, 1264, 680, 155, 553, 0.7656997442245483, 0, 0.9931958913803101
79, 841, 2430, 895, 2419, 1326, 68, 1272, 0.748540997505188, 0, 0.9999949932098389
971, 1400, 1396, 1424, 1390, 1526, 964, 1502, 0.9983656406402588, 0, 0.9999973773956299
697, 1440, 1141, 1450, 1141, 1506, 697, 1496, 0.9822152853012085, 0, 1.0
1803, 1436, 1998, 1453, 1992, 1530, 1796, 1513, 0.9977450966835022, 0, 0.9396628737449646
1209, 1473, 1232, 1473, 1232, 1490, 1209, 1490, 0.0, 0, 0.928425669670105
733, 1539, 795, 1539, 795, 1579, 733, 1579, 0.9837796092033386, 0, 0.8602884411811829
913, 1539, 984, 1539, 984, 1579, 913, 1579, 0.861053466796875, 0, 0.9368583559989929
1767, 1530, 2002, 1530, 2002, 1603, 1767, 1603, 0.9985872507095337, 0, 0.9999865293502808
260, 360, 2360, 243, 2383, 710, 283, 826, 0.8906593322753906, 0, 0.8613708019256592
1114, 1019, 2112, 1006, 2115, 1183, 1117, 1196, 0.7538049817085266, 0, 0.7740132212638855
2108, 1295, 2361, 1292, 2361, 1356, 2108, 1360, 0.9977335333824158, 0, 1.0
458, 1910, 552, 1910, 552, 1944, 458, 1944, 0.917844831943512, 0, 0.999998927116394
911, 2182, 1114, 2176, 1114, 2223, 911, 2230, 0.9028807878494263, 0, 1.0
911, 2237, 1154, 2230, 1154, 2278, 911, 2284, 0.9099469780921936, 0, 1.0
138, 182, 309, 175, 317, 352, 146, 359, 0.160725399851799, 0, 0.8713951110839844
63, 396, 269, 396, 269, 437, 63, 437, 0.8925359845161438, 0, 1.0
333, 416, 436, 418, 436, 435, 333, 433, 0.7817121744155884, 0, 0.5153308510780334
5, 117, 241, 127, 238, 190, 2, 179, 0.8775226473808289, 0, 1.0
319, 145, 585, 160, 581, 229, 315, 214, 0.9938182830810547, 0, 1.0
113, 194, 254, 200, 254, 221, 112, 215, 0.9001242518424988, 0, 1.0
38, 58, 69, 58, 66, 282, 35, 282, 0.9029353260993958, 0, 1.0
232, 465, 575, 465, 575, 734, 232, 734, 0.8711438179016113, 0, 1.0
355, 2162, 1021, 2940, 648, 3263, 0, 2495, 0.0, 0, 0.5552901029586792
53, 2172, 319, 2172, 319, 2386, 53, 2386, 0.0, 0, 0.6372032165527344
298, 857, 1591, 848, 1595, 1462, 302, 1471, 0.997678279876709, 0, 0.9030241966247559
1643, 1005, 3037, 1005, 3037, 1419, 1643, 1419, 0.9893932342529297, 0, 1.0
0, 7, 48, 3, 50, 26, 1, 30, 0.8062190413475037, 0, 0.99946528673172
375, 8, 413, 8, 413, 23, 375, 23, 0.8349590301513672, 0, 1.0
15, 51, 48, 47, 51, 71, 18, 75, 0.5456272959709167, 0, 0.563722550868988
74, 48, 165, 48, 165, 72, 74, 72, 0.8924572467803955, 0, 1.0
414, 55, 419, 61, 415, 65, 409, 60, 0.8042243123054504, 0, 0.7707903981208801
22, 123, 359, 123, 359, 147, 22, 147, 0.9684727191925049, 0, 1.0
19, 171, 207, 171, 207, 191, 19, 191, 0.9835135340690613, 0, 1.0
121, 232, 139, 232, 139, 245, 121, 245, 0.14091485738754272, 0, 0.8049488067626953
145, 263, 386, 263, 386, 284, 145, 284, 0.8934545516967773, 0, 1.0
389, 452, 432, 452, 432, 476, 389, 476, 0.6922308206558228, 0, 0.9999996423721313
10, 8, 210, 8, 210, 30, 10, 30, 0.9070404171943665, 1, 0.5611760020256042
327, 6, 396, 6, 396, 30, 327, 30, 0.9800537824630737, 0, 1.0
606, 8, 678, 8, 678, 30, 606, 30, 0.9138976335525513, 0, 0.9977008700370789
692, 17, 699, 13, 703, 20, 696, 24, 0.0, 1, 0.5317999124526978
47, 62, 117, 62, 117, 98, 47, 98, 0.9966219067573547, 0, 0.9999992847442627
18, 66, 52, 66, 52, 94, 18, 94, 0.0, 0, 0.8174304962158203
635, 62, 705, 62, 705, 98, 635, 98, 0.9930711984634399, 0, 1.0
23, 136, 145, 136, 145, 249, 23, 249, 0.4807398319244385, 1, 0.8839207887649536
173, 176, 285, 176, 285, 214, 173, 214, 0.9844566583633423, 0, 0.9999969005584717
25, 286, 97, 286, 97, 326, 25, 326, 0.9901252388954163, 0, 1.0
30, 341, 290, 341, 290, 369, 30, 369, 0.8720482587814331, 0, 1.0
29, 414, 96, 414, 96, 450, 29, 450, 0.9983299970626831, 0, 1.0
29, 613, 173, 613, 173, 650, 29, 650, 0.9960876107215881, 0, 1.0
29, 698, 207, 698, 207, 736, 29, 736, 0.9794074892997742, 0, 1.0
30, 785, 282, 785, 282, 821, 30, 821, 0.8802793025970459, 0, 1.0
31, 978, 280, 978, 280, 1010, 31, 1010, 0.9183334708213806, 0, 1.0
604, 1193, 654, 1196, 652, 1216, 602, 1213, 0.6694713830947876, 1, 0.9710850119590759
426, 1204, 471, 1204, 471, 1244, 426, 1244, 0.2561072111129761, 1, 0.5434868931770325
602, 1213, 654, 1213, 654, 1232, 602, 1232, 0.7171705365180969, 1, 0.9496210813522339
602, 1229, 654, 1229, 654, 1248, 602, 1248, 0.7454732656478882, 1, 0.6430304050445557
48, 1252, 130, 1254, 130, 1278, 48, 1276, 0.8799217939376831, 0, 1.0
231, 1254, 310, 1254, 310, 1277, 231, 1277, 0.9955827593803406, 0, 1.0
418, 1254, 479, 1254, 479, 1278, 418, 1278, 0.9824021458625793, 0, 0.9999960660934448
588, 1253, 670, 1253, 670, 1277, 588, 1277, 0.9587112665176392, 0, 1.0
28, 245, 277, 247, 277, 280, 28, 278, 0.9966967105865479, 0, 1.0
903, 1070, 1640, 1013, 1653, 1186, 916, 1243, 0.9498142600059509, 0, 0.9788973331451416
143, 1150, 831, 1096, 838, 1186, 150, 1240, 0.9769198894500732, 0, 1.0
1160, 1468, 1426, 1414, 1443, 1506, 1177, 1557, 0.9572528004646301, 0, 0.9984415173530579
508, 1580, 685, 1580, 685, 1744, 508, 1744, 0.14538663625717163, 0, 0.8120386004447937
618, 1594, 811, 1594, 811, 1750, 618, 1750, 0.22717233002185822, 0, 0.833670437335968
89, 206, 867, 226, 863, 377, 85, 356, 0.994494616985321, 0, 1.0
347, 529, 632, 532, 631, 632, 346, 629, 0.9983429312705994, 0, 0.9627745151519775
0, 480, 1520, 480, 1520, 1100, 0, 1100, 0.9905314445495605, 0, 0.9970429539680481
1352, 692, 1363, 692, 1363, 824, 1352, 824, 0.0, 1, 0.6029611825942993
1787, 1694, 2414, 1728, 2410, 1801, 1783, 1767, 0.9940670132637024, 0, 1.0
1783, 1793, 2216, 1814, 2212, 1887, 1779, 1866, 0.9317259192466736, 0, 1.0
1783, 1879, 2120, 1896, 2115, 1956, 1779, 1939, 0.8801817297935486, 0, 1.0
1770, 1956, 2124, 1965, 2124, 2021, 1770, 2012, 0.901011049747467, 0, 0.9999996423721313
1770, 2025, 2334, 2046, 2334, 2102, 1770, 2081, 0.9364725351333618, 0, 1.0
2284, 2795, 2330, 2795, 2330, 2833, 2284, 2833, 0.21191193163394928, 1, 0.8302193880081177
1716, 2863, 2174, 2838, 2191, 3121, 1733, 3147, 0.8648861050605774, 0, 0.9999761581420898
2162, 2979, 2439, 2962, 2448, 3096, 2170, 3113, 0.9745297431945801, 0, 0.9986461997032166
22, 350, 2383, 493, 2354, 1003, 0, 859, 0.6970719695091248, 0, 0.8286960124969482
231, 1443, 1147, 1456, 1144, 1666, 228, 1653, 0.9654324650764465, 0, 0.9911841750144958
202, 1806, 1095, 1806, 1095, 2016, 202, 2016, 0.9647873640060425, 0, 0.7634092569351196
805, 2163, 945, 2163, 945, 2200, 805, 2200, 0.9959319829940796, 0, 1.0
198, 2193, 714, 2193, 714, 2413, 198, 2413, 0.8481493592262268, 1, 0.8036351203918457
828, 2343, 922, 2343, 922, 2366, 828, 2366, 0.5445560812950134, 1, 0.5326804518699646
2096, 183, 2399, 183, 2399, 363, 2096, 363, 0.7492700219154358, 0, 0.9999983310699463
652, 1273, 1467, 1273, 1467, 1376, 652, 1376, 0.9480274319648743, 0, 1.0
740, 1383, 1366, 1400, 1363, 1543, 736, 1526, 0.9840789437294006, 0, 1.0
411, 136, 820, 153, 817, 209, 408, 192, 0.6424211263656616, 0, 0.9999620914459229
120, 259, 999, 271, 999, 338, 120, 326, 0.9378342628479004, 0, 1.0
106, 407, 1013, 407, 1013, 474, 106, 474, 0.919892430305481, 0, 1.0
70, 558, 1033, 544, 1033, 620, 70, 634, 0.9388135075569153, 0, 1.0
42, 723, 1041, 695, 1044, 779, 44, 807, 0.9800480008125305, 0, 1.0
1005, 891, 1013, 891, 1013, 916, 1005, 916, 0.0, 0, 0.5422222018241882
22, 908, 1024, 860, 1027, 944, 25, 991, 0.9355377554893494, 0, 1.0
8, 1106, 1024, 1036, 1030, 1123, 14, 1193, 0.9847609400749207, 0, 1.0
216, 149, 309, 151, 308, 188, 215, 186, 0.6198232769966125, 0, 0.9996515512466431
924, 561, 1932, 540, 1949, 1336, 941, 1356, 0.8941788077354431, 1, 0.7544786334037781
994, 1424, 1969, 1424, 1969, 2434, 994, 2434, 0.9713557958602905, 0, 0.6989961266517639
1024, 2424, 1942, 2410, 1952, 3199, 1034, 3212, 0.9598037004470825, 0, 0.8033007383346558
999, 303, 1147, 306, 1109, 2022, 961, 2019, 0.9567888379096985, 0, 0.9986388087272644
94, 808, 336, 833, 328, 897, 86, 872, 0.6864948868751526, 0, 0.6294964551925659
275, 818, 323, 818, 323, 846, 275, 846, 0.0, 1, 0.8940491080284119
423, 838, 545, 838, 545, 887, 423, 887, 0.5114399790763855, 1, 0.9440737366676331
66, 879, 191, 879, 191, 925, 66, 925, 0.3929041624069214, 0, 0.9495254158973694
183, 895, 280, 895, 280, 930, 183, 930, 0.16466526687145233, 0, 0.8639774918556213
349, 889, 558, 902, 555, 948, 346, 935, 0.20692621171474457, 1, 0.8439735174179077
79, 935, 132, 935, 132, 979, 79, 979, 0.9002528190612793, 0, 0.69309401512146
191, 951, 293, 951, 293, 986, 191, 986, 0.5198962092399597, 0, 0.6199591755867004
504, 943, 647, 943, 647, 997, 504, 997, 0.7588706612586975, 0, 0.9996575117111206
66, 989, 135, 989, 135, 1027, 66, 1027, 0.9839963912963867, 0, 0.7683236002922058
183, 999, 290, 999, 290, 1035, 183, 1035, 0.2210722267627716, 0, 0.5562226176261902
749, 1007, 859, 1012, 856, 1055, 747, 1050, 0.7196779251098633, 1, 0.7532790899276733
1466, 999, 2404, 1025, 2399, 1208, 1461, 1183, 0.9883567690849304, 0, 1.0
405, 1030, 566, 1030, 566, 1086, 405, 1086, 0.5226099491119385, 1, 0.9973782300949097
58, 1040, 193, 1048, 191, 1091, 56, 1083, 0.9348657727241516, 0, 0.8221299648284912
757, 1055, 836, 1055, 836, 1081, 757, 1081, 0.12384947389364243, 0, 0.95728999376297
71, 1104, 117, 1104, 117, 1137, 71, 1137, 0.9403005838394165, 0, 0.7240265607833862
339, 1099, 591, 1104, 591, 1155, 339, 1150, 0.6428714990615845, 0, 0.9166771769523621
178, 1109, 272, 1109, 272, 1144, 178, 1144, 0.5736551880836487, 0, 0.7300128936767578
306, 1122, 318, 1122, 318, 1132, 306, 1132, 0.3014644384384155, 0, 0.5299040079116821
484, 1157, 642, 1165, 640, 1218, 481, 1211, 0.26957276463508606, 1, 0.9251614212989807
61, 1167, 119, 1167, 119, 1208, 61, 1208, 0.8234783411026001, 0, 0.6777501106262207
170, 1175, 277, 1175, 277, 1213, 170, 1213, 0.5665456056594849, 0, 0.9721010327339172
328, 1208, 601, 1231, 594, 1303, 321, 1280, 0.6350853443145752, 0, 0.8053220510482788
1415, 1236, 1777, 1272, 1756, 1489, 1394, 1453, 0.8484078049659729, 0, 0.8545239567756653
63, 1239, 122, 1239, 122, 1280, 63, 1280, 0.7098526954650879, 0, 0.6921722888946533
1751, 1231, 2131, 1236, 2131, 1333, 1751, 1328, 0.9941399097442627, 0, 0.9715268611907959
163, 1246, 272, 1246, 272, 1282, 163, 1282, 0.5694186687469482, 0, 0.9753527641296387
1736, 1313, 2119, 1354, 2101, 1517, 1718, 1476, 0.9520079493522644, 0, 0.97107994556427
2205, 1468, 2292, 1468, 2292, 1507, 2205, 1507, 0.4697282314300537, 1, 0.6104909181594849
2205, 1481, 2213, 1481, 2213, 1496, 2205, 1496, 0.0, 0, 0.8787145614624023
1377, 1486, 1945, 1512, 1943, 1570, 1374, 1545, 0.8575040102005005, 0, 0.999890923500061
2397, 1481, 2442, 1481, 2442, 1512, 2397, 1512, 0.30078837275505066, 1, 0.5698930025100708
2389, 1634, 2435, 1634, 2435, 1667, 2389, 1667, 0.0, 1, 0.9671202898025513
2386, 1708, 2440, 1708, 2440, 1749, 2386, 1749, 0.7848368883132935, 1, 0.6809428334236145
2300, 1777, 2435, 1782, 2432, 1828, 2297, 1823, 0.3952629566192627, 1, 0.9277007579803467
2218, 1853, 2343, 1864, 2340, 1899, 2215, 1889, 0.28896766901016235, 1, 0.7798516750335693
326, 2156, 2168, 2206, 2152, 2876, 309, 2826, 0.9918127059936523, 0, 0.9991421699523926
70, 233, 558, 203, 562, 267, 74, 297, 0.9144095182418823, 0, 0.9999998807907104
1007, 1583, 1098, 1583, 1108, 2196, 1017, 2196, 0.6982554793357849, 0, 0.999883770942688
502, 2286, 554, 2300, 547, 2320, 495, 2306, 0.0, 0, 0.576894998550415
1597, 2360, 1786, 2360, 1786, 2430, 1597, 2430, 0.7864297032356262, 0, 0.9940356016159058
1601, 2433, 1790, 2423, 1793, 2490, 1604, 2500, 0.977327823638916, 0, 0.9999587535858154
2335, 1390, 2526, 1380, 2533, 1493, 2342, 1503, 0.0, 1, 0.5616159439086914
503, 1473, 2444, 1287, 2478, 1643, 537, 1829, 0.8764670491218567, 0, 0.9999990463256836
1356, 1696, 1995, 1686, 1999, 1859, 1360, 1869, 0.9210308790206909, 0, 1.0
306, 23, 2238, 44, 2235, 530, 302, 509, 0.9164837002754211, 0, 1.0
286, 731, 758, 744, 755, 877, 282, 863, 0.8808448910713196, 0, 1.0
1393, 754, 1862, 754, 1862, 883, 1393, 883, 0.997487485408783, 0, 1.0
884, 989, 1436, 999, 1433, 1128, 881, 1118, 0.9228062629699707, 0, 0.9999997615814209
362, 1037, 668, 1037, 668, 1190, 362, 1190, 0.9916254281997681, 0, 0.9999613761901855
828, 1292, 1513, 1302, 1513, 1431, 828, 1421, 0.9847268462181091, 0, 1.0
309, 1326, 721, 1326, 721, 1462, 309, 1462, 0.9813537001609802, 0, 1.0
1599, 1414, 2285, 1414, 2285, 1557, 1599, 1557, 0.8820086717605591, 0, 1.0
359, 1611, 658, 1611, 658, 1750, 359, 1750, 0.9920275807380676, 0, 0.9999992847442627
848, 1608, 1510, 1618, 1510, 1747, 848, 1737, 0.9273204207420349, 0, 1.0
1589, 1778, 2285, 1784, 2285, 1927, 1589, 1920, 0.9442439675331116, 0, 1.0
345, 1890, 665, 1890, 665, 2039, 345, 2039, 0.9979079365730286, 0, 0.9999994039535522
808, 1920, 1510, 1934, 1506, 2053, 804, 2039, 0.8891658186912537, 0, 0.9999998807907104
306, 2182, 688, 2189, 685, 2335, 302, 2329, 0.9359734058380127, 0, 1.0
848, 2220, 1413, 2230, 1410, 2359, 844, 2349, 0.9761201739311218, 0, 1.0
1130, 2587, 2155, 2611, 2155, 2692, 1130, 2669, 0.8988898992538452, 0, 1.0
1147, 2754, 2115, 2771, 2115, 2849, 1147, 2832, 0.932842493057251, 0, 1.0
1579, 2896, 2175, 2907, 2175, 2974, 1579, 2964, 0.9243761897087097, 0, 1.0
733, 296, 779, 296, 779, 336, 733, 336, 0.0, 0, 0.5647165775299072
710, 343, 727, 343, 727, 360, 710, 360, 0.1624789983034134, 1, 0.7544270157814026
743, 380, 1584, 389, 1584, 506, 743, 496, 0.7543991804122925, 0, 0.9999802112579346
792, 530, 1545, 543, 1542, 683, 789, 670, 0.9372444152832031, 0, 1.0
1565, 819, 1656, 819, 1656, 873, 1565, 873, 0.0, 1, 0.5095165967941284
727, 843, 746, 843, 746, 856, 727, 856, 0.0, 1, 0.615554928779602
332, 2016, 1695, 2023, 1695, 2113, 332, 2106, 0.9357221722602844, 0, 0.9999994039535522
688, 2143, 1271, 2143, 1271, 2260, 688, 2260, 0.9855183959007263, 0, 0.9997832179069519
580, 2160, 717, 2160, 717, 2250, 580, 2250, 0.2738408148288727, 0, 0.8477479219436646
658, 2313, 1330, 2320, 1330, 2436, 658, 2430, 0.8764438629150391, 0, 0.9999719858169556
860, 2473, 1066, 2473, 1066, 2666, 860, 2666, 0.9994313716888428, 0, 0.9573213458061218
485, 2516, 867, 2516, 867, 2596, 485, 2596, 0.900897204875946, 0, 1.0
1059, 2570, 1405, 2570, 1405, 2653, 1059, 2653, 0.9117279648780823, 0, 1.0
861, 968, 1443, 979, 1443, 1050, 861, 1040, 0.9873471856117249, 0, 1.0
924, 1645, 961, 1645, 961, 1669, 924, 1669, 0.681988000869751, 1, 0.6092497110366821
927, 1944, 957, 1944, 957, 1958, 927, 1958, 0.0, 1, 0.6297180652618408
32, 2653, 1676, 2616, 1685, 3103, 42, 3139, 0.9587821960449219, 0, 0.9999692440032959
1523, 95, 2341, 61, 2351, 326, 1533, 360, 0.28582480549812317, 1, 0.9616720676422119
1520, 656, 2228, 588, 2251, 832, 1543, 900, 0.5759769678115845, 1, 0.8939430713653564
785, 1916, 2214, 1936, 2204, 2673, 776, 2653, 0.9785071611404419, 0, 0.9626357555389404
375, 2923, 2364, 2946, 2360, 3176, 371, 3153, 0.9496214985847473, 0, 1.0
1383, 724, 1709, 734, 1709, 802, 1383, 792, 0.2810066342353821, 0, 0.9025362730026245
1566, 815, 1619, 815, 1619, 829, 1566, 829, 0.0, 0, 0.5909522771835327
1619, 819, 1679, 819, 1679, 832, 1619, 832, 0.0, 0, 0.5329118371009827
46, 904, 1722, 897, 1722, 1118, 46, 1125, 0.9601466655731201, 0, 1.0
329, 1169, 1573, 1101, 1579, 1200, 335, 1268, 0.9650118947029114, 0, 1.0
940, 1234, 1162, 1234, 1162, 1336, 940, 1336, 0.0, 1, 0.6171633005142212
772, 1471, 1058, 1489, 1050, 1611, 765, 1593, 0.7177174091339111, 0, 0.8635193705558777
1742, 1244, 2235, 1234, 2238, 1343, 1746, 1353, 0.9875083565711975, 0, 1.0
1746, 1366, 2228, 1366, 2228, 1472, 1746, 1472, 0.768802285194397, 0, 0.994967520236969
468, 1519, 884, 1509, 884, 1567, 468, 1577, 0.47288045287132263, 0, 0.6378557682037354
482, 1574, 878, 1574, 878, 1631, 482, 1631, 0.9488573670387268, 0, 1.0
445, 1635, 924, 1635, 924, 1693, 445, 1693, 0.6055695414543152, 0, 0.9931372404098511
927, 1863, 1160, 1873, 1157, 1948, 924, 1937, 0.7196329832077026, 0, 0.9642341732978821
974, 1951, 1154, 1951, 1154, 1999, 974, 1999, 0.6924890875816345, 0, 0.8653219938278198
964, 1999, 1154, 1999, 1154, 2074, 964, 2074, 0.9764070510864258, 0, 0.9999998807907104
455, 2057, 528, 2050, 552, 2339, 478, 2346, 0.8547313809394836, 0, 0.9988258481025696
1496, 2104, 2168, 2084, 2178, 2346, 1506, 2366, 0.9823142886161804, 0, 0.9999779462814331
1493, 2386, 2085, 2386, 2085, 2726, 1493, 2726, 0.9781354665756226, 1, 0.6157079339027405
2085, 2621, 2231, 2621, 2231, 2686, 2085, 2686, 0.884091854095459, 0, 0.5436129570007324
605, 2767, 1230, 2760, 1230, 2893, 605, 2900, 0.9914863109588623, 0, 1.0
618, 2903, 1506, 2913, 1506, 3053, 618, 3042, 0.9487519264221191, 0, 1.0
399, 992, 1360, 1033, 1350, 1244, 389, 1203, 0.7783118486404419, 0, 1.0
645, 1217, 894, 1224, 891, 1346, 641, 1339, 0.8620675206184387, 0, 0.9999997615814209
618, 892, 3401, 818, 3405, 979, 622, 1053, 0.9255297183990479, 0, 1.0
539, 1284, 3546, 1184, 3554, 1445, 547, 1545, 0.9230248928070068, 0, 1.0
39, 2703, 2067, 2760, 2057, 3056, 29, 3000, 0.924308717250824, 0, 1.0
407, 1249, 3563, 1214, 3563, 1449, 407, 1484, 0.9202835559844971, 0, 1.0
96, 9, 309, 21, 305, 81, 92, 69, 0.3460524380207062, 1, 0.7924952507019043
302, 0, 670, 5, 665, 108, 297, 88, 0.0, 0, 0.511481761932373
127, 192, 581, 206, 580, 260, 126, 245, 0.9591594338417053, 0, 1.0
570, 598, 635, 598, 635, 640, 570, 640, 0.36662185192108154, 0, 0.6174563765525818
550, 733, 622, 745, 613, 808, 541, 796, 0.2501979470252991, 0, 0.9192287921905518
524, 926, 624, 926, 624, 997, 524, 997, 0.14935225248336792, 1, 0.5154184103012085
1, 1145, 172, 1145, 172, 1181, 1, 1181, 0.7802109122276306, 0, 1.0
872, 1137, 888, 1128, 896, 1141, 880, 1150, 0.13945655524730682, 1, 0.7450811862945557
1464, 6, 1659, 6, 1659, 43, 1464, 43, 0.6715044379234314, 1, 0.8485191464424133
1343, 16, 1421, 16, 1421, 29, 1343, 29, 0.0, 1, 0.67269366979599
1050, 203, 1728, 213, 1728, 326, 1050, 316, 0.9357919692993164, 0, 1.0
1050, 336, 2220, 356, 2220, 423, 1050, 403, 0.91566401720047, 0, 1.0
613, 1506, 2259, 1500, 2259, 1579, 613, 1586, 0.960174024105072, 0, 0.9997180104255676
1320, 2403, 1584, 2403, 1584, 2450, 1320, 2450, 0.9618497490882874, 0, 1.0
1366, 2633, 1490, 2633, 1490, 2736, 1366, 2736, 0.9956240653991699, 1, 0.8522017002105713
1333, 2740, 1519, 2736, 1519, 2796, 1333, 2800, 0.7353736758232117, 0, 0.9994163513183594
2109, 3026, 2139, 3026, 2139, 3040, 2109, 3040, 0.0, 1, 0.7052754163742065
26, 962, 1762, 972, 1759, 1387, 23, 1377, 0.8071960806846619, 0, 0.9999980926513672
1749, 1319, 2268, 1319, 2268, 1390, 1749, 1390, 0.8803724646568298, 0, 1.0
725, 2352, 1087, 2359, 1087, 2420, 725, 2414, 0.9300413727760315, 0, 0.9990259408950806
695, 2451, 1320, 2458, 1320, 2516, 695, 2509, 0.705087423324585, 0, 0.9332411289215088
580, 1369, 3119, 1477, 3099, 1901, 560, 1793, 0.7263581156730652, 0, 0.9999970197677612
487, 255, 521, 257, 520, 271, 486, 269, 0.28757742047309875, 0, 0.8938336968421936
442, 334, 556, 338, 555, 374, 441, 370, 0.9350875020027161, 0, 0.9997257590293884
1301, 650, 2276, 660, 2276, 753, 1301, 743, 0.8876848220825195, 0, 1.0
1297, 776, 2269, 776, 2269, 876, 1297, 876, 0.9422783255577087, 0, 1.0
1307, 919, 2243, 913, 2243, 1013, 1307, 1019, 0.8834783434867859, 0, 1.0
1715, 1430, 1741, 1430, 1741, 1470, 1715, 1470, 0.0, 1, 0.5769937634468079
1695, 1863, 1728, 1863, 1728, 1913, 1695, 1913, 0.9073666334152222, 0, 0.9620721340179443
1643, 2466, 1711, 2466, 1711, 2513, 1643, 2513, 0.9124952554702759, 0, 0.9870154857635498
1623, 2643, 1731, 2643, 1731, 2710, 1623, 2710, 0.9903050661087036, 0, 0.99934321641922
230, 254, 384, 262, 383, 293, 229, 286, 0.9769768714904785, 0, 1.0
230, 298, 384, 305, 383, 336, 229, 329, 0.8289533257484436, 0, 0.9999635219573975
342, 0, 631, 0, 655, 994, 366, 1001, 0.9325737953186035, 0, 0.9980015158653259
922, 1786, 1177, 1786, 1177, 1879, 922, 1879, 0.9974793195724487, 0, 1.0
942, 1923, 1164, 1936, 1157, 2029, 939, 2019, 0.9956141710281372, 0, 0.9999914169311523
971, 2023, 1128, 2023, 1128, 2060, 971, 2060, 0.9808908700942993, 1, 0.8640343546867371
939, 2090, 1160, 2090, 1160, 2136, 939, 2136, 0.9743133783340454, 0, 0.9999998807907104
270, 2310, 2201, 2296, 2204, 2736, 273, 2750, 0.9807642102241516, 0, 0.9979872703552246
260, 1480, 306, 1480, 306, 1493, 260, 1493, 0.0, 1, 0.6261388659477234
123, 1596, 1085, 1613, 1082, 1813, 120, 1796, 0.9290900230407715, 0, 1.0
753, 1876, 1059, 1876, 1059, 1969, 753, 1969, 0.9555092453956604, 0, 0.9997416138648987
740, 1963, 1053, 1973, 1053, 2033, 740, 2023, 0.8622156381607056, 0, 0.9545724391937256
39, 2026, 763, 2003, 776, 2413, 52, 2436, 0.9478054642677307, 0, 0.9999854564666748
385, 1184, 3120, 1332, 3103, 1671, 368, 1523, 0.8950756192207336, 0, 1.0
1734, 773, 1917, 776, 1904, 1420, 1721, 1416, 0.9721415638923645, 0, 0.9974653720855713
1604, 1066, 1672, 1066, 1666, 1336, 1597, 1336, 0.6438379287719727, 0, 0.9996577501296997
43, 426, 127, 426, 127, 457, 43, 457, 0.573716938495636, 0, 0.6992703676223755
1078, 1105, 2441, 1040, 2450, 1184, 1087, 1249, 0.8751206398010254, 0, 0.9974060654640198
183, 157, 277, 164, 274, 197, 180, 190, 0.2634548842906952, 0, 0.9933492541313171
360, 160, 520, 167, 518, 206, 357, 199, 0.6350038051605225, 0, 0.9916016459465027
508, 177, 550, 177, 550, 196, 508, 196, 0.0, 0, 0.5318940877914429
176, 201, 325, 201, 325, 243, 176, 243, 0.9704720377922058, 0, 0.9999500513076782
341, 206, 539, 217, 536, 258, 338, 248, 0.6050199866294861, 0, 0.9323546290397644
176, 259, 270, 261, 270, 279, 176, 277, 0.7807762026786804, 0, 0.9733567237854004
630, 261, 678, 263, 677, 278, 629, 276, 0.23350270092487335, 0, 0.6720225214958191
618, 291, 684, 291, 684, 312, 618, 312, 0.48866891860961914, 0, 0.958746075630188
630, 318, 679, 320, 679, 330, 630, 328, 0.30885282158851624, 0, 0.7070971131324768
557, 328, 589, 329, 581, 510, 549, 509, 0.9969472885131836, 0, 0.9997848868370056
765, 0, 1894, 38, 1792, 2447, 663, 2447, 0.5340901017189026, 0, 0.9998856782913208
2371, 165, 2447, 165, 2447, 249, 2371, 249, 0.9939680695533752, 0, 0.9869709014892578
1971, 134, 2380, 120, 2382, 217, 1974, 231, 0.8992427587509155, 0, 0.9998804330825806
2102, 223, 2416, 212, 2416, 251, 2102, 262, 0.94679194688797, 0, 1.0
800, 301, 938, 301, 938, 332, 800, 332, 0.9114190340042114, 0, 1.0
2265, 483, 2438, 483, 2438, 522, 2265, 522, 0.8720508217811584, 0, 0.9999998807907104
2338, 533, 2374, 533, 2374, 544, 2338, 544, 0.06646723300218582, 0, 0.9019536972045898
2100, 631, 2200, 637, 2200, 667, 2100, 662, 0.0, 1, 0.7288355827331543
1912, 841, 2587, 829, 2587, 885, 1912, 896, 0.7966378927230835, 0, 0.9999992847442627
655, 860, 1355, 852, 1355, 910, 655, 919, 0.9047849178314209, 0, 0.9999810457229614
2175, 1084, 2332, 1084, 2332, 1134, 2175, 1134, 0.9910068511962891, 0, 0.9141342639923096
2032, 1106, 2156, 1092, 2164, 1162, 2041, 1176, 0.9924254417419434, 1, 0.6285497546195984
2175, 1114, 2315, 1140, 2307, 1181, 2167, 1156, 0.8873739838600159, 0, 0.6667469143867493
1358, 918, 2121, 896, 2125, 1066, 1363, 1088, 0.9900781512260437, 0, 1.0
1428, 1131, 2064, 1092, 2077, 1262, 1442, 1301, 0.9843131303787231, 0, 1.0
903, 1266, 1522, 1256, 1526, 1433, 906, 1443, 0.9959823489189148, 0, 0.9999994039535522
896, 1496, 1526, 1490, 1526, 1666, 896, 1673, 0.9905009269714355, 0, 0.9999978542327881
582, 1784, 868, 1784, 868, 2087, 582, 2087, 0.23180830478668213, 0, 0.5510537028312683
914, 1791, 1599, 1791, 1599, 2036, 914, 2036, 0.7741308808326721, 0, 0.9727920889854431
931, 2005, 1563, 2029, 1559, 2101, 927, 2077, 0.8908354640007019, 0, 0.999968409538269
864, 2376, 1237, 2376, 1237, 2512, 864, 2512, 0.8919737935066223, 0, 0.999996542930603
648, 2614, 1443, 2638, 1440, 2801, 645, 2777, 0.99736487865448, 0, 1.0
52, 1203, 2259, 1100, 2276, 1456, 68, 1559, 0.9958195686340332, 0, 0.8956531882286072
127, 193, 655, 207, 654, 253, 126, 239, 0.8514069318771362, 0, 0.8009719252586365
66, 249, 713, 266, 712, 305, 65, 289, 0.9414716958999634, 0, 0.9999983310699463
60, 301, 213, 305, 213, 326, 60, 322, 0.8661342859268188, 0, 0.9999873638153076
400, 310, 722, 318, 722, 338, 400, 330, 0.9478107690811157, 0, 1.0
